0|6
550452	0.39215686274509803	5229	18:10:00
323933	0.39215686274509803	5802	11:05:00
159248	0.39215686274509803	5802	11:27:00
554099	0.39215686274509803	5815	16:02:00
70896	0.39215686274509803	5815	16:26:00
518385	0.39215686274509803	5815	16:38:00
1|6
614243	0.39215686274509803	5424	15:27:00
616649	0.39215686274509803	5424	15:27:00
617646	0.39215686274509803	5424	15:27:00
620594	0.39215686274509803	5424	15:27:00
622325	0.39215686274509803	5424	15:27:00
623778	0.39215686274509803	5424	15:27:00
2|6
521716	0.39215686274509803	4220	10:26:00
531386	0.39215686274509803	4220	10:26:00
534002	0.39215686274509803	4220	10:26:00
602548	0.39215686274509803	4220	10:26:00
297989	0.39215686274509803	5332	13:11:00
532569	0.39215686274509803	5332	13:13:00
3|6
266898	0.39215686274509803	3811	14:01:00
577089	0.39215686274509803	3811	14:07:00
418340	0.39215686274509803	3811	14:50:00
489371	0.39215686274509803	4387	18:43:00
541471	0.39215686274509803	4387	19:16:00
230010	0.39215686274509803	4458	14:32:00
4|6
160409	0.39215686274509803	4859	11:24:00
309265	0.39215686274509803	4866	13:54:00
566574	0.39215686274509803	4866	13:54:00
94767	0.39215686274509803	4885	13:18:00
617491	0.39215686274509803	4893	13:40:00
561044	0.39215686274509803	4894	13:41:00
5|6
55372	0.39215686274509803	5226	13:41:00
568050	0.39215686274509803	5226	13:41:00
614805	0.39215686274509803	5226	13:41:00
374622	0.39215686274509803	5226	13:42:00
390355	0.39215686274509803	5226	13:42:00
600781	0.39215686274509803	5226	13:42:00
6|6
34428	0.39215686274509803	5092	15:36:00
370386	0.39215686274509803	5092	15:36:00
614925	0.39215686274509803	5092	15:37:00
248723	0.39215686274509803	5092	15:40:00
252962	0.39215686274509803	5092	15:40:00
504528	0.39215686274509803	5092	15:40:00
7|6
591369	0.39215686274509803	6033	19:54:00
28621	0.39215686274509803	6033	19:55:00
40189	0.39215686274509803	6033	19:55:00
434891	0.39215686274509803	6033	19:55:00
80657	0.39215686274509803	6033	19:57:00
532790	0.39215686274509803	6033	20:00:00
8|6
532569	0.39215686274509803	4998	14:28:00
558154	0.39215686274509803	4998	14:28:00
569179	0.39215686274509803	4998	14:28:00
574204	0.39215686274509803	4998	14:28:00
622325	0.39215686274509803	4998	14:28:00
213829	0.39215686274509803	4998	14:50:00
9|6
531386	0.39215686274509803	4607	22:13:00
532569	0.39215686274509803	4607	22:13:00
592747	0.39215686274509803	4607	22:13:00
602602	0.39215686274509803	4607	22:13:00
614925	0.39215686274509803	4607	22:13:00
622325	0.39215686274509803	4607	22:13:00
10|6
453396	0.39215686274509803	3546	10:12:00
587636	0.39215686274509803	3546	10:12:00
591461	0.39215686274509803	3546	10:12:00
596241	0.39215686274509803	3546	10:12:00
612520	0.39215686274509803	3546	10:12:00
616649	0.39215686274509803	3546	10:12:00
11|6
533053	0.39215686274509803	4665	22:26:00
2273	0.39215686274509803	4670	19:46:00
117627	0.39215686274509803	4670	19:47:00
436796	0.39215686274509803	4670	19:48:00
613923	0.39215686274509803	4670	19:52:00
359283	0.39215686274509803	4670	19:56:00
12|6
275010	0.39215686274509803	5070	00:06:00
46030	0.39215686274509803	5070	00:17:00
29235	0.39215686274509803	5070	00:19:00
498179	0.39215686274509803	5070	00:19:00
556541	0.39215686274509803	5070	00:19:00
558814	0.39215686274509803	5172	14:59:00
13|6
546992	0.39215686274509803	4980	00:39:00
567726	0.39215686274509803	4980	00:39:00
583090	0.39215686274509803	4980	00:39:00
587636	0.39215686274509803	4980	00:39:00
616649	0.39215686274509803	4980	00:39:00
617646	0.39215686274509803	4980	00:39:00
14|6
543905	0.39215686274509803	5387	10:21:00
572538	0.39215686274509803	5387	10:21:00
28590	0.39215686274509803	5391	05:24:00
268594	0.39215686274509803	5392	14:37:00
308881	0.39215686274509803	5392	14:37:00
334831	0.39215686274509803	5392	14:37:00
15|6
281112	0.39215686274509803	5712	16:08:00
309256	0.39215686274509803	5721	07:15:00
496762	0.39215686274509803	5731	09:54:00
614925	0.39215686274509803	5735	06:47:00
165824	0.39215686274509803	5743	07:40:00
367313	0.39215686274509803	5771	08:08:00
16|6
550452	0.39215686274509803	5135	20:54:00
56437	0.39215686274509803	5137	21:16:00
13379	0.39215686274509803	5141	20:35:00
39046	0.39215686274509803	5141	20:53:00
405897	0.39215686274509803	5156	16:44:00
267723	0.39215686274509803	5189	10:04:00
17|6
25205	0.39215686274509803	4934	13:12:00
103410	0.39215686274509803	4935	22:39:00
624550	0.39215686274509803	4935	22:44:00
338242	0.39215686274509803	4935	22:48:00
25311	0.39215686274509803	4935	22:57:00
47310	0.39215686274509803	4935	22:58:00
18|6
359811	0.39215686274509803	5886	09:59:00
576535	0.39215686274509803	5886	09:59:00
260310	0.39215686274509803	5950	23:02:00
49509	0.39215686274509803	6161	18:54:00
206975	0.39215686274509803	6161	18:54:00
252459	0.39215686274509803	6161	19:52:00
19|6
539904	0.39215686274509803	4896	12:27:00
548098	0.39215686274509803	4896	12:27:00
592747	0.39215686274509803	4896	12:27:00
600770	0.39215686274509803	4896	12:27:00
608376	0.39215686274509803	4896	12:27:00
622325	0.39215686274509803	4896	12:27:00
20|6
489371	0.39215686274509803	4025	13:01:00
517526	0.39215686274509803	4025	13:01:00
538823	0.39215686274509803	4025	13:01:00
540934	0.39215686274509803	4025	13:01:00
600770	0.39215686274509803	4025	13:01:00
607946	0.39215686274509803	4025	13:01:00
21|6
116469	0.39215686274509803	4477	20:08:00
33730	0.39215686274509803	4477	20:11:00
100025	0.39215686274509803	4477	20:11:00
95970	0.39215686274509803	4477	20:15:00
267723	0.39215686274509803	4477	20:15:00
449769	0.39215686274509803	4477	20:15:00
22|6
559390	0.39215686274509803	4394	19:58:00
152442	0.39215686274509803	4394	20:53:00
182003	0.39215686274509803	4394	20:53:00
225679	0.39215686274509803	4394	20:53:00
41414	0.39215686274509803	4394	21:00:00
106447	0.39215686274509803	4423	15:53:00
23|6
540166	0.39215686274509803	4736	06:24:00
389637	0.39215686274509803	4739	03:02:00
44531	0.39215686274509803	4797	05:16:00
130559	0.39215686274509803	4800	03:17:00
173049	0.39215686274509803	4801	01:57:00
48550	0.39215686274509803	4892	02:30:00
24|6
459622	0.39215686274509803	5029	13:41:00
112126	0.39215686274509803	5038	14:19:00
614925	0.39215686274509803	5074	10:24:00
489371	0.39215686274509803	5092	13:59:00
85222	0.39215686274509803	5121	08:19:00
181089	0.39215686274509803	5121	09:07:00
25|6
563692	0.39215686274509803	3652	23:16:00
582591	0.39215686274509803	3652	23:16:00
600770	0.39215686274509803	3652	23:16:00
607946	0.39215686274509803	3652	23:16:00
274703	0.39215686274509803	3652	23:17:00
362307	0.39215686274509803	3652	23:19:00
26|6
614243	0.39215686274509803	4315	19:25:00
617646	0.39215686274509803	4315	19:25:00
622325	0.39215686274509803	4315	19:25:00
55629	0.39215686274509803	4315	19:32:00
363904	0.39215686274509803	4315	19:32:00
373402	0.39215686274509803	4315	19:32:00
27|6
169081	0.39215686274509803	4637	07:48:00
386683	0.39215686274509803	4637	07:48:00
224051	0.39215686274509803	4703	06:34:00
436056	0.39215686274509803	4800	15:25:00
473055	0.39215686274509803	4902	17:21:00
26226	0.39215686274509803	4902	17:29:00
28|6
75707	0.39215686274509803	6028	02:29:00
397543	0.39215686274509803	6028	02:29:00
298685	0.39215686274509803	6028	02:32:00
75410	0.39215686274509803	6028	02:34:00
567631	0.39215686274509803	6028	02:34:00
578903	0.39215686274509803	6028	02:39:00
29|6
184754	0.39215686274509803	5518	03:54:00
556366	0.39215686274509803	5518	03:54:00
238646	0.39215686274509803	5518	03:56:00
7876	0.39215686274509803	5518	03:57:00
302000	0.39215686274509803	5518	03:57:00
569396	0.39215686274509803	5619	19:41:00
30|6
267846	0.39215686274509803	3630	21:31:00
467178	0.39215686274509803	3630	21:31:00
444949	0.39215686274509803	4709	13:03:00
489457	0.39215686274509803	4709	13:14:00
529957	0.39215686274509803	4709	13:16:00
552786	0.39215686274509803	4709	13:24:00
31|6
123929	0.39215686274509803	5344	20:38:00
98718	0.39215686274509803	5352	09:05:00
195434	0.39215686274509803	5353	23:27:00
588686	0.39215686274509803	5353	23:35:00
604347	0.39215686274509803	5370	16:36:00
17497	0.39215686274509803	5414	18:31:00
32|6
358441	0.39215686274509803	4308	18:24:00
440694	0.39215686274509803	4308	18:24:00
577474	0.39215686274509803	4308	18:24:00
266281	0.39215686274509803	4308	18:25:00
371598	0.39215686274509803	4308	18:25:00
564115	0.39215686274509803	4308	18:25:00
33|6
75943	0.39215686274509803	4063	08:45:00
355155	0.39215686274509803	4063	08:53:00
564115	0.39215686274509803	4063	08:54:00
364683	0.39215686274509803	4063	09:01:00
437608	0.39215686274509803	4063	09:01:00
603145	0.39215686274509803	4063	09:01:00
34|6
1188	0.39215686274509803	4384	15:40:00
4132	0.39215686274509803	4384	15:40:00
30125	0.39215686274509803	4384	15:40:00
36422	0.39215686274509803	4384	15:40:00
421158	0.39215686274509803	4384	15:40:00
482854	0.39215686274509803	4384	15:40:00
35|6
529098	0.39215686274509803	5494	14:35:00
559371	0.39215686274509803	5494	15:48:00
237542	0.39215686274509803	5494	15:50:00
549463	0.39215686274509803	5494	15:50:00
381626	0.39215686274509803	5494	16:17:00
407756	0.39215686274509803	5494	16:17:00
36|6
571905	0.39215686274509803	4001	20:14:00
198370	0.39215686274509803	4002	16:25:00
347177	0.39215686274509803	4002	16:37:00
27598	0.39215686274509803	4002	16:55:00
551806	0.39215686274509803	4002	16:56:00
193586	0.39215686274509803	4002	17:29:00
37|6
169627	0.39215686274509803	5122	13:00:00
130254	0.39215686274509803	5122	13:04:00
141393	0.39215686274509803	5122	13:04:00
469645	0.39215686274509803	5122	14:08:00
84209	0.39215686274509803	5122	15:39:00
280641	0.39215686274509803	5122	15:46:00
38|6
504528	0.39215686274509803	5397	07:55:00
517718	0.39215686274509803	5397	07:55:00
532569	0.39215686274509803	5397	07:55:00
614243	0.39215686274509803	5397	07:55:00
614925	0.39215686274509803	5397	07:55:00
622325	0.39215686274509803	5397	07:55:00
39|6
614925	0.39215686274509803	4316	22:00:00
34525	0.39215686274509803	4316	22:31:00
540166	0.39215686274509803	4316	22:31:00
327744	0.39215686274509803	4316	22:34:00
9986	0.39215686274509803	4316	22:38:00
536930	0.39215686274509803	4316	22:38:00
40|6
328269	0.39215686274509803	4596	07:29:00
195544	0.39215686274509803	4596	07:32:00
186013	0.39215686274509803	4596	07:35:00
213529	0.39215686274509803	4596	07:35:00
257054	0.39215686274509803	4596	07:35:00
509660	0.39215686274509803	4596	07:40:00
41|6
498148	0.39215686274509803	3878	14:36:00
113311	0.39215686274509803	3883	01:17:00
571579	0.39215686274509803	3972	15:05:00
199025	0.39215686274509803	4303	21:08:00
375693	0.39215686274509803	4303	21:08:00
591163	0.39215686274509803	4303	21:08:00
42|6
134908	0.39215686274509803	4596	13:45:00
303711	0.39215686274509803	4597	08:56:00
3669	0.39215686274509803	4597	09:58:00
458099	0.39215686274509803	4598	08:21:00
82555	0.39215686274509803	4598	10:13:00
248920	0.39215686274509803	4598	10:13:00
43|6
309068	0.39215686274509803	4635	00:15:00
328957	0.39215686274509803	4635	00:15:00
376863	0.39215686274509803	4635	00:15:00
60117	0.39215686274509803	4635	00:20:00
409361	0.39215686274509803	4635	00:20:00
581975	0.39215686274509803	4641	08:55:00
