0|6
550452	3.9215686274509802	5229	18:10:00
323933	3.9215686274509802	5802	11:05:00
159248	3.9215686274509802	5802	11:27:00
554099	3.9215686274509802	5815	16:02:00
70896	3.9215686274509802	5815	16:26:00
518385	3.9215686274509802	5815	16:38:00
1|6
614243	3.9215686274509802	5424	15:27:00
616649	3.9215686274509802	5424	15:27:00
617646	3.9215686274509802	5424	15:27:00
620594	3.9215686274509802	5424	15:27:00
622325	3.9215686274509802	5424	15:27:00
623778	3.9215686274509802	5424	15:27:00
2|6
521716	3.9215686274509802	4220	10:26:00
531386	3.9215686274509802	4220	10:26:00
534002	3.9215686274509802	4220	10:26:00
602548	3.9215686274509802	4220	10:26:00
297989	3.9215686274509802	5332	13:11:00
532569	3.9215686274509802	5332	13:13:00
3|6
266898	3.9215686274509802	3811	14:01:00
577089	3.9215686274509802	3811	14:07:00
418340	3.9215686274509802	3811	14:50:00
489371	3.9215686274509802	4387	18:43:00
541471	3.9215686274509802	4387	19:16:00
230010	3.9215686274509802	4458	14:32:00
4|6
160409	3.9215686274509802	4859	11:24:00
309265	3.9215686274509802	4866	13:54:00
566574	3.9215686274509802	4866	13:54:00
94767	3.9215686274509802	4885	13:18:00
617491	3.9215686274509802	4893	13:40:00
561044	3.9215686274509802	4894	13:41:00
5|6
55372	3.9215686274509802	5226	13:41:00
568050	3.9215686274509802	5226	13:41:00
614805	3.9215686274509802	5226	13:41:00
374622	3.9215686274509802	5226	13:42:00
390355	3.9215686274509802	5226	13:42:00
600781	3.9215686274509802	5226	13:42:00
6|6
34428	3.9215686274509802	5092	15:36:00
370386	3.9215686274509802	5092	15:36:00
614925	3.9215686274509802	5092	15:37:00
248723	3.9215686274509802	5092	15:40:00
252962	3.9215686274509802	5092	15:40:00
504528	3.9215686274509802	5092	15:40:00
7|6
591369	3.9215686274509802	6033	19:54:00
28621	3.9215686274509802	6033	19:55:00
40189	3.9215686274509802	6033	19:55:00
434891	3.9215686274509802	6033	19:55:00
80657	3.9215686274509802	6033	19:57:00
532790	3.9215686274509802	6033	20:00:00
8|6
532569	3.9215686274509802	4998	14:28:00
558154	3.9215686274509802	4998	14:28:00
569179	3.9215686274509802	4998	14:28:00
574204	3.9215686274509802	4998	14:28:00
622325	3.9215686274509802	4998	14:28:00
213829	3.9215686274509802	4998	14:50:00
9|6
531386	3.9215686274509802	4607	22:13:00
532569	3.9215686274509802	4607	22:13:00
592747	3.9215686274509802	4607	22:13:00
602602	3.9215686274509802	4607	22:13:00
614925	3.9215686274509802	4607	22:13:00
622325	3.9215686274509802	4607	22:13:00
10|6
453396	3.9215686274509802	3546	10:12:00
587636	3.9215686274509802	3546	10:12:00
591461	3.9215686274509802	3546	10:12:00
596241	3.9215686274509802	3546	10:12:00
612520	3.9215686274509802	3546	10:12:00
616649	3.9215686274509802	3546	10:12:00
11|6
533053	3.9215686274509802	4665	22:26:00
2273	3.9215686274509802	4670	19:46:00
117627	3.9215686274509802	4670	19:47:00
436796	3.9215686274509802	4670	19:48:00
613923	3.9215686274509802	4670	19:52:00
359283	3.9215686274509802	4670	19:56:00
12|6
275010	3.9215686274509802	5070	00:06:00
46030	3.9215686274509802	5070	00:17:00
29235	3.9215686274509802	5070	00:19:00
498179	3.9215686274509802	5070	00:19:00
556541	3.9215686274509802	5070	00:19:00
558814	3.9215686274509802	5172	14:59:00
13|6
546992	3.9215686274509802	4980	00:39:00
567726	3.9215686274509802	4980	00:39:00
583090	3.9215686274509802	4980	00:39:00
587636	3.9215686274509802	4980	00:39:00
616649	3.9215686274509802	4980	00:39:00
617646	3.9215686274509802	4980	00:39:00
14|6
543905	3.9215686274509802	5387	10:21:00
572538	3.9215686274509802	5387	10:21:00
28590	3.9215686274509802	5391	05:24:00
268594	3.9215686274509802	5392	14:37:00
308881	3.9215686274509802	5392	14:37:00
334831	3.9215686274509802	5392	14:37:00
15|6
281112	3.9215686274509802	5712	16:08:00
309256	3.9215686274509802	5721	07:15:00
496762	3.9215686274509802	5731	09:54:00
614925	3.9215686274509802	5735	06:47:00
165824	3.9215686274509802	5743	07:40:00
367313	3.9215686274509802	5771	08:08:00
16|6
550452	3.9215686274509802	5135	20:54:00
56437	3.9215686274509802	5137	21:16:00
13379	3.9215686274509802	5141	20:35:00
39046	3.9215686274509802	5141	20:53:00
405897	3.9215686274509802	5156	16:44:00
267723	3.9215686274509802	5189	10:04:00
17|6
25205	3.9215686274509802	4934	13:12:00
103410	3.9215686274509802	4935	22:39:00
624550	3.9215686274509802	4935	22:44:00
338242	3.9215686274509802	4935	22:48:00
25311	3.9215686274509802	4935	22:57:00
47310	3.9215686274509802	4935	22:58:00
18|6
359811	3.9215686274509802	5886	09:59:00
576535	3.9215686274509802	5886	09:59:00
260310	3.9215686274509802	5950	23:02:00
49509	3.9215686274509802	6161	18:54:00
206975	3.9215686274509802	6161	18:54:00
252459	3.9215686274509802	6161	19:52:00
19|6
539904	3.9215686274509802	4896	12:27:00
548098	3.9215686274509802	4896	12:27:00
592747	3.9215686274509802	4896	12:27:00
600770	3.9215686274509802	4896	12:27:00
608376	3.9215686274509802	4896	12:27:00
622325	3.9215686274509802	4896	12:27:00
20|6
489371	3.9215686274509802	4025	13:01:00
517526	3.9215686274509802	4025	13:01:00
538823	3.9215686274509802	4025	13:01:00
540934	3.9215686274509802	4025	13:01:00
600770	3.9215686274509802	4025	13:01:00
607946	3.9215686274509802	4025	13:01:00
21|6
116469	3.9215686274509802	4477	20:08:00
33730	3.9215686274509802	4477	20:11:00
100025	3.9215686274509802	4477	20:11:00
95970	3.9215686274509802	4477	20:15:00
267723	3.9215686274509802	4477	20:15:00
449769	3.9215686274509802	4477	20:15:00
22|6
559390	3.9215686274509802	4394	19:58:00
152442	3.9215686274509802	4394	20:53:00
182003	3.9215686274509802	4394	20:53:00
225679	3.9215686274509802	4394	20:53:00
41414	3.9215686274509802	4394	21:00:00
106447	3.9215686274509802	4423	15:53:00
23|6
540166	3.9215686274509802	4736	06:24:00
389637	3.9215686274509802	4739	03:02:00
44531	3.9215686274509802	4797	05:16:00
130559	3.9215686274509802	4800	03:17:00
173049	3.9215686274509802	4801	01:57:00
48550	3.9215686274509802	4892	02:30:00
24|6
459622	3.9215686274509802	5029	13:41:00
112126	3.9215686274509802	5038	14:19:00
614925	3.9215686274509802	5074	10:24:00
489371	3.9215686274509802	5092	13:59:00
85222	3.9215686274509802	5121	08:19:00
181089	3.9215686274509802	5121	09:07:00
25|6
563692	3.9215686274509802	3652	23:16:00
582591	3.9215686274509802	3652	23:16:00
600770	3.9215686274509802	3652	23:16:00
607946	3.9215686274509802	3652	23:16:00
274703	3.9215686274509802	3652	23:17:00
362307	3.9215686274509802	3652	23:19:00
26|6
614243	3.9215686274509802	4315	19:25:00
617646	3.9215686274509802	4315	19:25:00
622325	3.9215686274509802	4315	19:25:00
55629	3.9215686274509802	4315	19:32:00
363904	3.9215686274509802	4315	19:32:00
373402	3.9215686274509802	4315	19:32:00
27|6
169081	3.9215686274509802	4637	07:48:00
386683	3.9215686274509802	4637	07:48:00
224051	3.9215686274509802	4703	06:34:00
436056	3.9215686274509802	4800	15:25:00
473055	3.9215686274509802	4902	17:21:00
26226	3.9215686274509802	4902	17:29:00
28|6
75707	3.9215686274509802	6028	02:29:00
397543	3.9215686274509802	6028	02:29:00
298685	3.9215686274509802	6028	02:32:00
75410	3.9215686274509802	6028	02:34:00
567631	3.9215686274509802	6028	02:34:00
578903	3.9215686274509802	6028	02:39:00
29|6
184754	3.9215686274509802	5518	03:54:00
556366	3.9215686274509802	5518	03:54:00
238646	3.9215686274509802	5518	03:56:00
7876	3.9215686274509802	5518	03:57:00
302000	3.9215686274509802	5518	03:57:00
569396	3.9215686274509802	5619	19:41:00
30|6
267846	3.9215686274509802	3630	21:31:00
467178	3.9215686274509802	3630	21:31:00
444949	3.9215686274509802	4709	13:03:00
489457	3.9215686274509802	4709	13:14:00
529957	3.9215686274509802	4709	13:16:00
552786	3.9215686274509802	4709	13:24:00
31|6
123929	3.9215686274509802	5344	20:38:00
98718	3.9215686274509802	5352	09:05:00
195434	3.9215686274509802	5353	23:27:00
588686	3.9215686274509802	5353	23:35:00
604347	3.9215686274509802	5370	16:36:00
17497	3.9215686274509802	5414	18:31:00
32|6
358441	3.9215686274509802	4308	18:24:00
440694	3.9215686274509802	4308	18:24:00
577474	3.9215686274509802	4308	18:24:00
266281	3.9215686274509802	4308	18:25:00
371598	3.9215686274509802	4308	18:25:00
564115	3.9215686274509802	4308	18:25:00
33|6
75943	3.9215686274509802	4063	08:45:00
355155	3.9215686274509802	4063	08:53:00
564115	3.9215686274509802	4063	08:54:00
364683	3.9215686274509802	4063	09:01:00
437608	3.9215686274509802	4063	09:01:00
603145	3.9215686274509802	4063	09:01:00
34|6
1188	3.9215686274509802	4384	15:40:00
4132	3.9215686274509802	4384	15:40:00
30125	3.9215686274509802	4384	15:40:00
36422	3.9215686274509802	4384	15:40:00
421158	3.9215686274509802	4384	15:40:00
482854	3.9215686274509802	4384	15:40:00
35|6
529098	3.9215686274509802	5494	14:35:00
559371	3.9215686274509802	5494	15:48:00
237542	3.9215686274509802	5494	15:50:00
549463	3.9215686274509802	5494	15:50:00
381626	3.9215686274509802	5494	16:17:00
407756	3.9215686274509802	5494	16:17:00
36|6
571905	3.9215686274509802	4001	20:14:00
198370	3.9215686274509802	4002	16:25:00
347177	3.9215686274509802	4002	16:37:00
27598	3.9215686274509802	4002	16:55:00
551806	3.9215686274509802	4002	16:56:00
193586	3.9215686274509802	4002	17:29:00
37|6
169627	3.9215686274509802	5122	13:00:00
130254	3.9215686274509802	5122	13:04:00
141393	3.9215686274509802	5122	13:04:00
469645	3.9215686274509802	5122	14:08:00
84209	3.9215686274509802	5122	15:39:00
280641	3.9215686274509802	5122	15:46:00
38|6
504528	3.9215686274509802	5397	07:55:00
517718	3.9215686274509802	5397	07:55:00
532569	3.9215686274509802	5397	07:55:00
614243	3.9215686274509802	5397	07:55:00
614925	3.9215686274509802	5397	07:55:00
622325	3.9215686274509802	5397	07:55:00
39|6
614925	3.9215686274509802	4316	22:00:00
34525	3.9215686274509802	4316	22:31:00
540166	3.9215686274509802	4316	22:31:00
327744	3.9215686274509802	4316	22:34:00
9986	3.9215686274509802	4316	22:38:00
536930	3.9215686274509802	4316	22:38:00
40|6
328269	3.9215686274509802	4596	07:29:00
195544	3.9215686274509802	4596	07:32:00
186013	3.9215686274509802	4596	07:35:00
213529	3.9215686274509802	4596	07:35:00
257054	3.9215686274509802	4596	07:35:00
509660	3.9215686274509802	4596	07:40:00
41|6
498148	3.9215686274509802	3878	14:36:00
113311	3.9215686274509802	3883	01:17:00
571579	3.9215686274509802	3972	15:05:00
199025	3.9215686274509802	4303	21:08:00
375693	3.9215686274509802	4303	21:08:00
591163	3.9215686274509802	4303	21:08:00
42|6
134908	3.9215686274509802	4596	13:45:00
303711	3.9215686274509802	4597	08:56:00
3669	3.9215686274509802	4597	09:58:00
458099	3.9215686274509802	4598	08:21:00
82555	3.9215686274509802	4598	10:13:00
248920	3.9215686274509802	4598	10:13:00
43|6
309068	3.9215686274509802	4635	00:15:00
328957	3.9215686274509802	4635	00:15:00
376863	3.9215686274509802	4635	00:15:00
60117	3.9215686274509802	4635	00:20:00
409361	3.9215686274509802	4635	00:20:00
581975	3.9215686274509802	4641	08:55:00
