0|6
550452	39.21568627450981	5229	18:10:00
323933	39.21568627450981	5802	11:05:00
159248	39.21568627450981	5802	11:27:00
554099	39.21568627450981	5815	16:02:00
70896	39.21568627450981	5815	16:26:00
518385	39.21568627450981	5815	16:38:00
1|6
614243	39.21568627450981	5424	15:27:00
616649	39.21568627450981	5424	15:27:00
617646	39.21568627450981	5424	15:27:00
620594	39.21568627450981	5424	15:27:00
622325	39.21568627450981	5424	15:27:00
623778	39.21568627450981	5424	15:27:00
2|6
521716	39.21568627450981	4220	10:26:00
531386	39.21568627450981	4220	10:26:00
534002	39.21568627450981	4220	10:26:00
602548	39.21568627450981	4220	10:26:00
297989	39.21568627450981	5332	13:11:00
532569	39.21568627450981	5332	13:13:00
3|6
266898	39.21568627450981	3811	14:01:00
577089	39.21568627450981	3811	14:07:00
418340	39.21568627450981	3811	14:50:00
489371	39.21568627450981	4387	18:43:00
541471	39.21568627450981	4387	19:16:00
230010	39.21568627450981	4458	14:32:00
4|6
160409	39.21568627450981	4859	11:24:00
309265	39.21568627450981	4866	13:54:00
566574	39.21568627450981	4866	13:54:00
94767	39.21568627450981	4885	13:18:00
617491	39.21568627450981	4893	13:40:00
561044	39.21568627450981	4894	13:41:00
5|6
55372	39.21568627450981	5226	13:41:00
568050	39.21568627450981	5226	13:41:00
614805	39.21568627450981	5226	13:41:00
374622	39.21568627450981	5226	13:42:00
390355	39.21568627450981	5226	13:42:00
600781	39.21568627450981	5226	13:42:00
6|6
34428	39.21568627450981	5092	15:36:00
370386	39.21568627450981	5092	15:36:00
614925	39.21568627450981	5092	15:37:00
248723	39.21568627450981	5092	15:40:00
252962	39.21568627450981	5092	15:40:00
504528	39.21568627450981	5092	15:40:00
7|6
591369	39.21568627450981	6033	19:54:00
28621	39.21568627450981	6033	19:55:00
40189	39.21568627450981	6033	19:55:00
434891	39.21568627450981	6033	19:55:00
80657	39.21568627450981	6033	19:57:00
532790	39.21568627450981	6033	20:00:00
8|6
532569	39.21568627450981	4998	14:28:00
558154	39.21568627450981	4998	14:28:00
569179	39.21568627450981	4998	14:28:00
574204	39.21568627450981	4998	14:28:00
622325	39.21568627450981	4998	14:28:00
213829	39.21568627450981	4998	14:50:00
9|6
531386	39.21568627450981	4607	22:13:00
532569	39.21568627450981	4607	22:13:00
592747	39.21568627450981	4607	22:13:00
602602	39.21568627450981	4607	22:13:00
614925	39.21568627450981	4607	22:13:00
622325	39.21568627450981	4607	22:13:00
10|6
453396	39.21568627450981	3546	10:12:00
587636	39.21568627450981	3546	10:12:00
591461	39.21568627450981	3546	10:12:00
596241	39.21568627450981	3546	10:12:00
612520	39.21568627450981	3546	10:12:00
616649	39.21568627450981	3546	10:12:00
11|6
533053	39.21568627450981	4665	22:26:00
2273	39.21568627450981	4670	19:46:00
117627	39.21568627450981	4670	19:47:00
436796	39.21568627450981	4670	19:48:00
613923	39.21568627450981	4670	19:52:00
359283	39.21568627450981	4670	19:56:00
12|6
275010	39.21568627450981	5070	00:06:00
46030	39.21568627450981	5070	00:17:00
29235	39.21568627450981	5070	00:19:00
498179	39.21568627450981	5070	00:19:00
556541	39.21568627450981	5070	00:19:00
558814	39.21568627450981	5172	14:59:00
13|6
546992	39.21568627450981	4980	00:39:00
567726	39.21568627450981	4980	00:39:00
583090	39.21568627450981	4980	00:39:00
587636	39.21568627450981	4980	00:39:00
616649	39.21568627450981	4980	00:39:00
617646	39.21568627450981	4980	00:39:00
14|6
543905	39.21568627450981	5387	10:21:00
572538	39.21568627450981	5387	10:21:00
28590	39.21568627450981	5391	05:24:00
268594	39.21568627450981	5392	14:37:00
308881	39.21568627450981	5392	14:37:00
334831	39.21568627450981	5392	14:37:00
15|6
281112	39.21568627450981	5712	16:08:00
309256	39.21568627450981	5721	07:15:00
496762	39.21568627450981	5731	09:54:00
614925	39.21568627450981	5735	06:47:00
165824	39.21568627450981	5743	07:40:00
367313	39.21568627450981	5771	08:08:00
16|6
550452	39.21568627450981	5135	20:54:00
56437	39.21568627450981	5137	21:16:00
13379	39.21568627450981	5141	20:35:00
39046	39.21568627450981	5141	20:53:00
405897	39.21568627450981	5156	16:44:00
267723	39.21568627450981	5189	10:04:00
17|6
25205	39.21568627450981	4934	13:12:00
103410	39.21568627450981	4935	22:39:00
624550	39.21568627450981	4935	22:44:00
338242	39.21568627450981	4935	22:48:00
25311	39.21568627450981	4935	22:57:00
47310	39.21568627450981	4935	22:58:00
18|6
359811	39.21568627450981	5886	09:59:00
576535	39.21568627450981	5886	09:59:00
260310	39.21568627450981	5950	23:02:00
49509	39.21568627450981	6161	18:54:00
206975	39.21568627450981	6161	18:54:00
252459	39.21568627450981	6161	19:52:00
19|6
539904	39.21568627450981	4896	12:27:00
548098	39.21568627450981	4896	12:27:00
592747	39.21568627450981	4896	12:27:00
600770	39.21568627450981	4896	12:27:00
608376	39.21568627450981	4896	12:27:00
622325	39.21568627450981	4896	12:27:00
20|6
489371	39.21568627450981	4025	13:01:00
517526	39.21568627450981	4025	13:01:00
538823	39.21568627450981	4025	13:01:00
540934	39.21568627450981	4025	13:01:00
600770	39.21568627450981	4025	13:01:00
607946	39.21568627450981	4025	13:01:00
21|6
116469	39.21568627450981	4477	20:08:00
33730	39.21568627450981	4477	20:11:00
100025	39.21568627450981	4477	20:11:00
95970	39.21568627450981	4477	20:15:00
267723	39.21568627450981	4477	20:15:00
449769	39.21568627450981	4477	20:15:00
22|6
559390	39.21568627450981	4394	19:58:00
152442	39.21568627450981	4394	20:53:00
182003	39.21568627450981	4394	20:53:00
225679	39.21568627450981	4394	20:53:00
41414	39.21568627450981	4394	21:00:00
106447	39.21568627450981	4423	15:53:00
23|6
540166	39.21568627450981	4736	06:24:00
389637	39.21568627450981	4739	03:02:00
44531	39.21568627450981	4797	05:16:00
130559	39.21568627450981	4800	03:17:00
173049	39.21568627450981	4801	01:57:00
48550	39.21568627450981	4892	02:30:00
24|6
459622	39.21568627450981	5029	13:41:00
112126	39.21568627450981	5038	14:19:00
614925	39.21568627450981	5074	10:24:00
489371	39.21568627450981	5092	13:59:00
85222	39.21568627450981	5121	08:19:00
181089	39.21568627450981	5121	09:07:00
25|6
563692	39.21568627450981	3652	23:16:00
582591	39.21568627450981	3652	23:16:00
600770	39.21568627450981	3652	23:16:00
607946	39.21568627450981	3652	23:16:00
274703	39.21568627450981	3652	23:17:00
362307	39.21568627450981	3652	23:19:00
26|6
614243	39.21568627450981	4315	19:25:00
617646	39.21568627450981	4315	19:25:00
622325	39.21568627450981	4315	19:25:00
55629	39.21568627450981	4315	19:32:00
363904	39.21568627450981	4315	19:32:00
373402	39.21568627450981	4315	19:32:00
27|6
169081	39.21568627450981	4637	07:48:00
386683	39.21568627450981	4637	07:48:00
224051	39.21568627450981	4703	06:34:00
436056	39.21568627450981	4800	15:25:00
473055	39.21568627450981	4902	17:21:00
26226	39.21568627450981	4902	17:29:00
28|6
75707	39.21568627450981	6028	02:29:00
397543	39.21568627450981	6028	02:29:00
298685	39.21568627450981	6028	02:32:00
75410	39.21568627450981	6028	02:34:00
567631	39.21568627450981	6028	02:34:00
578903	39.21568627450981	6028	02:39:00
29|6
184754	39.21568627450981	5518	03:54:00
556366	39.21568627450981	5518	03:54:00
238646	39.21568627450981	5518	03:56:00
7876	39.21568627450981	5518	03:57:00
302000	39.21568627450981	5518	03:57:00
569396	39.21568627450981	5619	19:41:00
30|6
267846	39.21568627450981	3630	21:31:00
467178	39.21568627450981	3630	21:31:00
444949	39.21568627450981	4709	13:03:00
489457	39.21568627450981	4709	13:14:00
529957	39.21568627450981	4709	13:16:00
552786	39.21568627450981	4709	13:24:00
31|6
123929	39.21568627450981	5344	20:38:00
98718	39.21568627450981	5352	09:05:00
195434	39.21568627450981	5353	23:27:00
588686	39.21568627450981	5353	23:35:00
604347	39.21568627450981	5370	16:36:00
17497	39.21568627450981	5414	18:31:00
32|6
358441	39.21568627450981	4308	18:24:00
440694	39.21568627450981	4308	18:24:00
577474	39.21568627450981	4308	18:24:00
266281	39.21568627450981	4308	18:25:00
371598	39.21568627450981	4308	18:25:00
564115	39.21568627450981	4308	18:25:00
33|6
75943	39.21568627450981	4063	08:45:00
355155	39.21568627450981	4063	08:53:00
564115	39.21568627450981	4063	08:54:00
364683	39.21568627450981	4063	09:01:00
437608	39.21568627450981	4063	09:01:00
603145	39.21568627450981	4063	09:01:00
34|6
1188	39.21568627450981	4384	15:40:00
4132	39.21568627450981	4384	15:40:00
30125	39.21568627450981	4384	15:40:00
36422	39.21568627450981	4384	15:40:00
421158	39.21568627450981	4384	15:40:00
482854	39.21568627450981	4384	15:40:00
35|6
529098	39.21568627450981	5494	14:35:00
559371	39.21568627450981	5494	15:48:00
237542	39.21568627450981	5494	15:50:00
549463	39.21568627450981	5494	15:50:00
381626	39.21568627450981	5494	16:17:00
407756	39.21568627450981	5494	16:17:00
36|6
571905	39.21568627450981	4001	20:14:00
198370	39.21568627450981	4002	16:25:00
347177	39.21568627450981	4002	16:37:00
27598	39.21568627450981	4002	16:55:00
551806	39.21568627450981	4002	16:56:00
193586	39.21568627450981	4002	17:29:00
37|6
169627	39.21568627450981	5122	13:00:00
130254	39.21568627450981	5122	13:04:00
141393	39.21568627450981	5122	13:04:00
469645	39.21568627450981	5122	14:08:00
84209	39.21568627450981	5122	15:39:00
280641	39.21568627450981	5122	15:46:00
38|6
504528	39.21568627450981	5397	07:55:00
517718	39.21568627450981	5397	07:55:00
532569	39.21568627450981	5397	07:55:00
614243	39.21568627450981	5397	07:55:00
614925	39.21568627450981	5397	07:55:00
622325	39.21568627450981	5397	07:55:00
39|6
614925	39.21568627450981	4316	22:00:00
34525	39.21568627450981	4316	22:31:00
540166	39.21568627450981	4316	22:31:00
327744	39.21568627450981	4316	22:34:00
9986	39.21568627450981	4316	22:38:00
536930	39.21568627450981	4316	22:38:00
40|6
328269	39.21568627450981	4596	07:29:00
195544	39.21568627450981	4596	07:32:00
186013	39.21568627450981	4596	07:35:00
213529	39.21568627450981	4596	07:35:00
257054	39.21568627450981	4596	07:35:00
509660	39.21568627450981	4596	07:40:00
41|6
498148	39.21568627450981	3878	14:36:00
113311	39.21568627450981	3883	01:17:00
571579	39.21568627450981	3972	15:05:00
199025	39.21568627450981	4303	21:08:00
375693	39.21568627450981	4303	21:08:00
591163	39.21568627450981	4303	21:08:00
42|6
134908	39.21568627450981	4596	13:45:00
303711	39.21568627450981	4597	08:56:00
3669	39.21568627450981	4597	09:58:00
458099	39.21568627450981	4598	08:21:00
82555	39.21568627450981	4598	10:13:00
248920	39.21568627450981	4598	10:13:00
43|6
309068	39.21568627450981	4635	00:15:00
328957	39.21568627450981	4635	00:15:00
376863	39.21568627450981	4635	00:15:00
60117	39.21568627450981	4635	00:20:00
409361	39.21568627450981	4635	00:20:00
581975	39.21568627450981	4641	08:55:00
