0|6
550452	40.78431372549019	5229	18:10:00
323933	40.78431372549019	5802	11:05:00
159248	40.78431372549019	5802	11:27:00
554099	40.78431372549019	5815	16:02:00
70896	40.78431372549019	5815	16:26:00
518385	40.78431372549019	5815	16:38:00
1|6
614243	40.78431372549019	5424	15:27:00
616649	40.78431372549019	5424	15:27:00
617646	40.78431372549019	5424	15:27:00
620594	40.78431372549019	5424	15:27:00
622325	40.78431372549019	5424	15:27:00
623778	40.78431372549019	5424	15:27:00
2|6
521716	40.78431372549019	4220	10:26:00
531386	40.78431372549019	4220	10:26:00
534002	40.78431372549019	4220	10:26:00
602548	40.78431372549019	4220	10:26:00
297989	40.78431372549019	5332	13:11:00
532569	40.78431372549019	5332	13:13:00
3|6
266898	40.78431372549019	3811	14:01:00
577089	40.78431372549019	3811	14:07:00
418340	40.78431372549019	3811	14:50:00
489371	40.78431372549019	4387	18:43:00
541471	40.78431372549019	4387	19:16:00
230010	40.78431372549019	4458	14:32:00
4|6
160409	40.78431372549019	4859	11:24:00
309265	40.78431372549019	4866	13:54:00
566574	40.78431372549019	4866	13:54:00
94767	40.78431372549019	4885	13:18:00
617491	40.78431372549019	4893	13:40:00
561044	40.78431372549019	4894	13:41:00
5|6
55372	40.78431372549019	5226	13:41:00
568050	40.78431372549019	5226	13:41:00
614805	40.78431372549019	5226	13:41:00
374622	40.78431372549019	5226	13:42:00
390355	40.78431372549019	5226	13:42:00
600781	40.78431372549019	5226	13:42:00
6|6
34428	40.78431372549019	5092	15:36:00
370386	40.78431372549019	5092	15:36:00
614925	40.78431372549019	5092	15:37:00
248723	40.78431372549019	5092	15:40:00
252962	40.78431372549019	5092	15:40:00
504528	40.78431372549019	5092	15:40:00
7|6
591369	40.78431372549019	6033	19:54:00
28621	40.78431372549019	6033	19:55:00
40189	40.78431372549019	6033	19:55:00
434891	40.78431372549019	6033	19:55:00
80657	40.78431372549019	6033	19:57:00
532790	40.78431372549019	6033	20:00:00
8|6
532569	40.78431372549019	4998	14:28:00
558154	40.78431372549019	4998	14:28:00
569179	40.78431372549019	4998	14:28:00
574204	40.78431372549019	4998	14:28:00
622325	40.78431372549019	4998	14:28:00
213829	40.78431372549019	4998	14:50:00
9|6
531386	40.78431372549019	4607	22:13:00
532569	40.78431372549019	4607	22:13:00
592747	40.78431372549019	4607	22:13:00
602602	40.78431372549019	4607	22:13:00
614925	40.78431372549019	4607	22:13:00
622325	40.78431372549019	4607	22:13:00
10|6
453396	40.78431372549019	3546	10:12:00
587636	40.78431372549019	3546	10:12:00
591461	40.78431372549019	3546	10:12:00
596241	40.78431372549019	3546	10:12:00
612520	40.78431372549019	3546	10:12:00
616649	40.78431372549019	3546	10:12:00
11|6
533053	40.78431372549019	4665	22:26:00
2273	40.78431372549019	4670	19:46:00
117627	40.78431372549019	4670	19:47:00
436796	40.78431372549019	4670	19:48:00
613923	40.78431372549019	4670	19:52:00
359283	40.78431372549019	4670	19:56:00
12|6
275010	40.78431372549019	5070	00:06:00
46030	40.78431372549019	5070	00:17:00
29235	40.78431372549019	5070	00:19:00
498179	40.78431372549019	5070	00:19:00
556541	40.78431372549019	5070	00:19:00
558814	40.78431372549019	5172	14:59:00
13|6
546992	40.78431372549019	4980	00:39:00
567726	40.78431372549019	4980	00:39:00
583090	40.78431372549019	4980	00:39:00
587636	40.78431372549019	4980	00:39:00
616649	40.78431372549019	4980	00:39:00
617646	40.78431372549019	4980	00:39:00
14|6
543905	40.78431372549019	5387	10:21:00
572538	40.78431372549019	5387	10:21:00
28590	40.78431372549019	5391	05:24:00
268594	40.78431372549019	5392	14:37:00
308881	40.78431372549019	5392	14:37:00
334831	40.78431372549019	5392	14:37:00
15|6
281112	40.78431372549019	5712	16:08:00
309256	40.78431372549019	5721	07:15:00
496762	40.78431372549019	5731	09:54:00
614925	40.78431372549019	5735	06:47:00
165824	40.78431372549019	5743	07:40:00
367313	40.78431372549019	5771	08:08:00
16|6
550452	40.78431372549019	5135	20:54:00
56437	40.78431372549019	5137	21:16:00
13379	40.78431372549019	5141	20:35:00
39046	40.78431372549019	5141	20:53:00
405897	40.78431372549019	5156	16:44:00
267723	40.78431372549019	5189	10:04:00
17|6
25205	40.78431372549019	4934	13:12:00
103410	40.78431372549019	4935	22:39:00
624550	40.78431372549019	4935	22:44:00
338242	40.78431372549019	4935	22:48:00
25311	40.78431372549019	4935	22:57:00
47310	40.78431372549019	4935	22:58:00
18|6
359811	40.78431372549019	5886	09:59:00
576535	40.78431372549019	5886	09:59:00
260310	40.78431372549019	5950	23:02:00
49509	40.78431372549019	6161	18:54:00
206975	40.78431372549019	6161	18:54:00
252459	40.78431372549019	6161	19:52:00
19|6
539904	40.78431372549019	4896	12:27:00
548098	40.78431372549019	4896	12:27:00
592747	40.78431372549019	4896	12:27:00
600770	40.78431372549019	4896	12:27:00
608376	40.78431372549019	4896	12:27:00
622325	40.78431372549019	4896	12:27:00
20|6
489371	40.78431372549019	4025	13:01:00
517526	40.78431372549019	4025	13:01:00
538823	40.78431372549019	4025	13:01:00
540934	40.78431372549019	4025	13:01:00
600770	40.78431372549019	4025	13:01:00
607946	40.78431372549019	4025	13:01:00
21|6
116469	40.78431372549019	4477	20:08:00
33730	40.78431372549019	4477	20:11:00
100025	40.78431372549019	4477	20:11:00
95970	40.78431372549019	4477	20:15:00
267723	40.78431372549019	4477	20:15:00
449769	40.78431372549019	4477	20:15:00
22|6
559390	40.78431372549019	4394	19:58:00
152442	40.78431372549019	4394	20:53:00
182003	40.78431372549019	4394	20:53:00
225679	40.78431372549019	4394	20:53:00
41414	40.78431372549019	4394	21:00:00
106447	40.78431372549019	4423	15:53:00
23|6
540166	40.78431372549019	4736	06:24:00
389637	40.78431372549019	4739	03:02:00
44531	40.78431372549019	4797	05:16:00
130559	40.78431372549019	4800	03:17:00
173049	40.78431372549019	4801	01:57:00
48550	40.78431372549019	4892	02:30:00
24|6
459622	40.78431372549019	5029	13:41:00
112126	40.78431372549019	5038	14:19:00
614925	40.78431372549019	5074	10:24:00
489371	40.78431372549019	5092	13:59:00
85222	40.78431372549019	5121	08:19:00
181089	40.78431372549019	5121	09:07:00
25|6
563692	40.78431372549019	3652	23:16:00
582591	40.78431372549019	3652	23:16:00
600770	40.78431372549019	3652	23:16:00
607946	40.78431372549019	3652	23:16:00
274703	40.78431372549019	3652	23:17:00
362307	40.78431372549019	3652	23:19:00
26|6
614243	40.78431372549019	4315	19:25:00
617646	40.78431372549019	4315	19:25:00
622325	40.78431372549019	4315	19:25:00
55629	40.78431372549019	4315	19:32:00
363904	40.78431372549019	4315	19:32:00
373402	40.78431372549019	4315	19:32:00
27|6
169081	40.78431372549019	4637	07:48:00
386683	40.78431372549019	4637	07:48:00
224051	40.78431372549019	4703	06:34:00
436056	40.78431372549019	4800	15:25:00
473055	40.78431372549019	4902	17:21:00
26226	40.78431372549019	4902	17:29:00
28|6
75707	40.78431372549019	6028	02:29:00
397543	40.78431372549019	6028	02:29:00
298685	40.78431372549019	6028	02:32:00
75410	40.78431372549019	6028	02:34:00
567631	40.78431372549019	6028	02:34:00
578903	40.78431372549019	6028	02:39:00
29|6
184754	40.78431372549019	5518	03:54:00
556366	40.78431372549019	5518	03:54:00
238646	40.78431372549019	5518	03:56:00
7876	40.78431372549019	5518	03:57:00
302000	40.78431372549019	5518	03:57:00
569396	40.78431372549019	5619	19:41:00
30|6
267846	40.78431372549019	3630	21:31:00
467178	40.78431372549019	3630	21:31:00
444949	40.78431372549019	4709	13:03:00
489457	40.78431372549019	4709	13:14:00
529957	40.78431372549019	4709	13:16:00
552786	40.78431372549019	4709	13:24:00
31|6
123929	40.78431372549019	5344	20:38:00
98718	40.78431372549019	5352	09:05:00
195434	40.78431372549019	5353	23:27:00
588686	40.78431372549019	5353	23:35:00
604347	40.78431372549019	5370	16:36:00
17497	40.78431372549019	5414	18:31:00
32|6
358441	40.78431372549019	4308	18:24:00
440694	40.78431372549019	4308	18:24:00
577474	40.78431372549019	4308	18:24:00
266281	40.78431372549019	4308	18:25:00
371598	40.78431372549019	4308	18:25:00
564115	40.78431372549019	4308	18:25:00
33|6
75943	40.78431372549019	4063	08:45:00
355155	40.78431372549019	4063	08:53:00
564115	40.78431372549019	4063	08:54:00
364683	40.78431372549019	4063	09:01:00
437608	40.78431372549019	4063	09:01:00
603145	40.78431372549019	4063	09:01:00
34|6
1188	40.78431372549019	4384	15:40:00
4132	40.78431372549019	4384	15:40:00
30125	40.78431372549019	4384	15:40:00
36422	40.78431372549019	4384	15:40:00
421158	40.78431372549019	4384	15:40:00
482854	40.78431372549019	4384	15:40:00
35|6
529098	40.78431372549019	5494	14:35:00
559371	40.78431372549019	5494	15:48:00
237542	40.78431372549019	5494	15:50:00
549463	40.78431372549019	5494	15:50:00
381626	40.78431372549019	5494	16:17:00
407756	40.78431372549019	5494	16:17:00
36|6
571905	40.78431372549019	4001	20:14:00
198370	40.78431372549019	4002	16:25:00
347177	40.78431372549019	4002	16:37:00
27598	40.78431372549019	4002	16:55:00
551806	40.78431372549019	4002	16:56:00
193586	40.78431372549019	4002	17:29:00
37|6
169627	40.78431372549019	5122	13:00:00
130254	40.78431372549019	5122	13:04:00
141393	40.78431372549019	5122	13:04:00
469645	40.78431372549019	5122	14:08:00
84209	40.78431372549019	5122	15:39:00
280641	40.78431372549019	5122	15:46:00
38|6
504528	40.78431372549019	5397	07:55:00
517718	40.78431372549019	5397	07:55:00
532569	40.78431372549019	5397	07:55:00
614243	40.78431372549019	5397	07:55:00
614925	40.78431372549019	5397	07:55:00
622325	40.78431372549019	5397	07:55:00
39|6
614925	40.78431372549019	4316	22:00:00
34525	40.78431372549019	4316	22:31:00
540166	40.78431372549019	4316	22:31:00
327744	40.78431372549019	4316	22:34:00
9986	40.78431372549019	4316	22:38:00
536930	40.78431372549019	4316	22:38:00
40|6
328269	40.78431372549019	4596	07:29:00
195544	40.78431372549019	4596	07:32:00
186013	40.78431372549019	4596	07:35:00
213529	40.78431372549019	4596	07:35:00
257054	40.78431372549019	4596	07:35:00
509660	40.78431372549019	4596	07:40:00
41|6
498148	40.78431372549019	3878	14:36:00
113311	40.78431372549019	3883	01:17:00
571579	40.78431372549019	3972	15:05:00
199025	40.78431372549019	4303	21:08:00
375693	40.78431372549019	4303	21:08:00
591163	40.78431372549019	4303	21:08:00
42|6
134908	40.78431372549019	4596	13:45:00
303711	40.78431372549019	4597	08:56:00
3669	40.78431372549019	4597	09:58:00
458099	40.78431372549019	4598	08:21:00
82555	40.78431372549019	4598	10:13:00
248920	40.78431372549019	4598	10:13:00
43|6
309068	40.78431372549019	4635	00:15:00
328957	40.78431372549019	4635	00:15:00
376863	40.78431372549019	4635	00:15:00
60117	40.78431372549019	4635	00:20:00
409361	40.78431372549019	4635	00:20:00
581975	40.78431372549019	4641	08:55:00
