0|6
550452	41.17647058823529	5229	18:10:00
323933	41.17647058823529	5802	11:05:00
159248	41.17647058823529	5802	11:27:00
554099	41.17647058823529	5815	16:02:00
70896	41.17647058823529	5815	16:26:00
518385	41.17647058823529	5815	16:38:00
1|6
614243	41.17647058823529	5424	15:27:00
616649	41.17647058823529	5424	15:27:00
617646	41.17647058823529	5424	15:27:00
620594	41.17647058823529	5424	15:27:00
622325	41.17647058823529	5424	15:27:00
623778	41.17647058823529	5424	15:27:00
2|6
521716	41.17647058823529	4220	10:26:00
531386	41.17647058823529	4220	10:26:00
534002	41.17647058823529	4220	10:26:00
602548	41.17647058823529	4220	10:26:00
297989	41.17647058823529	5332	13:11:00
532569	41.17647058823529	5332	13:13:00
3|6
266898	41.17647058823529	3811	14:01:00
577089	41.17647058823529	3811	14:07:00
418340	41.17647058823529	3811	14:50:00
489371	41.17647058823529	4387	18:43:00
541471	41.17647058823529	4387	19:16:00
230010	41.17647058823529	4458	14:32:00
4|6
160409	41.17647058823529	4859	11:24:00
309265	41.17647058823529	4866	13:54:00
566574	41.17647058823529	4866	13:54:00
94767	41.17647058823529	4885	13:18:00
617491	41.17647058823529	4893	13:40:00
561044	41.17647058823529	4894	13:41:00
5|6
55372	41.17647058823529	5226	13:41:00
568050	41.17647058823529	5226	13:41:00
614805	41.17647058823529	5226	13:41:00
374622	41.17647058823529	5226	13:42:00
390355	41.17647058823529	5226	13:42:00
600781	41.17647058823529	5226	13:42:00
6|6
34428	41.17647058823529	5092	15:36:00
370386	41.17647058823529	5092	15:36:00
614925	41.17647058823529	5092	15:37:00
248723	41.17647058823529	5092	15:40:00
252962	41.17647058823529	5092	15:40:00
504528	41.17647058823529	5092	15:40:00
7|6
591369	41.17647058823529	6033	19:54:00
28621	41.17647058823529	6033	19:55:00
40189	41.17647058823529	6033	19:55:00
434891	41.17647058823529	6033	19:55:00
80657	41.17647058823529	6033	19:57:00
532790	41.17647058823529	6033	20:00:00
8|6
532569	41.17647058823529	4998	14:28:00
558154	41.17647058823529	4998	14:28:00
569179	41.17647058823529	4998	14:28:00
574204	41.17647058823529	4998	14:28:00
622325	41.17647058823529	4998	14:28:00
213829	41.17647058823529	4998	14:50:00
9|6
531386	41.17647058823529	4607	22:13:00
532569	41.17647058823529	4607	22:13:00
592747	41.17647058823529	4607	22:13:00
602602	41.17647058823529	4607	22:13:00
614925	41.17647058823529	4607	22:13:00
622325	41.17647058823529	4607	22:13:00
10|6
453396	41.17647058823529	3546	10:12:00
587636	41.17647058823529	3546	10:12:00
591461	41.17647058823529	3546	10:12:00
596241	41.17647058823529	3546	10:12:00
612520	41.17647058823529	3546	10:12:00
616649	41.17647058823529	3546	10:12:00
11|6
533053	41.17647058823529	4665	22:26:00
2273	41.17647058823529	4670	19:46:00
117627	41.17647058823529	4670	19:47:00
436796	41.17647058823529	4670	19:48:00
613923	41.17647058823529	4670	19:52:00
359283	41.17647058823529	4670	19:56:00
12|6
275010	41.17647058823529	5070	00:06:00
46030	41.17647058823529	5070	00:17:00
29235	41.17647058823529	5070	00:19:00
498179	41.17647058823529	5070	00:19:00
556541	41.17647058823529	5070	00:19:00
558814	41.17647058823529	5172	14:59:00
13|6
546992	41.17647058823529	4980	00:39:00
567726	41.17647058823529	4980	00:39:00
583090	41.17647058823529	4980	00:39:00
587636	41.17647058823529	4980	00:39:00
616649	41.17647058823529	4980	00:39:00
617646	41.17647058823529	4980	00:39:00
14|6
543905	41.17647058823529	5387	10:21:00
572538	41.17647058823529	5387	10:21:00
28590	41.17647058823529	5391	05:24:00
268594	41.17647058823529	5392	14:37:00
308881	41.17647058823529	5392	14:37:00
334831	41.17647058823529	5392	14:37:00
15|6
281112	41.17647058823529	5712	16:08:00
309256	41.17647058823529	5721	07:15:00
496762	41.17647058823529	5731	09:54:00
614925	41.17647058823529	5735	06:47:00
165824	41.17647058823529	5743	07:40:00
367313	41.17647058823529	5771	08:08:00
16|6
550452	41.17647058823529	5135	20:54:00
56437	41.17647058823529	5137	21:16:00
13379	41.17647058823529	5141	20:35:00
39046	41.17647058823529	5141	20:53:00
405897	41.17647058823529	5156	16:44:00
267723	41.17647058823529	5189	10:04:00
17|6
25205	41.17647058823529	4934	13:12:00
103410	41.17647058823529	4935	22:39:00
624550	41.17647058823529	4935	22:44:00
338242	41.17647058823529	4935	22:48:00
25311	41.17647058823529	4935	22:57:00
47310	41.17647058823529	4935	22:58:00
18|6
359811	41.17647058823529	5886	09:59:00
576535	41.17647058823529	5886	09:59:00
260310	41.17647058823529	5950	23:02:00
49509	41.17647058823529	6161	18:54:00
206975	41.17647058823529	6161	18:54:00
252459	41.17647058823529	6161	19:52:00
19|6
539904	41.17647058823529	4896	12:27:00
548098	41.17647058823529	4896	12:27:00
592747	41.17647058823529	4896	12:27:00
600770	41.17647058823529	4896	12:27:00
608376	41.17647058823529	4896	12:27:00
622325	41.17647058823529	4896	12:27:00
20|6
489371	41.17647058823529	4025	13:01:00
517526	41.17647058823529	4025	13:01:00
538823	41.17647058823529	4025	13:01:00
540934	41.17647058823529	4025	13:01:00
600770	41.17647058823529	4025	13:01:00
607946	41.17647058823529	4025	13:01:00
21|6
116469	41.17647058823529	4477	20:08:00
33730	41.17647058823529	4477	20:11:00
100025	41.17647058823529	4477	20:11:00
95970	41.17647058823529	4477	20:15:00
267723	41.17647058823529	4477	20:15:00
449769	41.17647058823529	4477	20:15:00
22|6
559390	41.17647058823529	4394	19:58:00
152442	41.17647058823529	4394	20:53:00
182003	41.17647058823529	4394	20:53:00
225679	41.17647058823529	4394	20:53:00
41414	41.17647058823529	4394	21:00:00
106447	41.17647058823529	4423	15:53:00
23|6
540166	41.17647058823529	4736	06:24:00
389637	41.17647058823529	4739	03:02:00
44531	41.17647058823529	4797	05:16:00
130559	41.17647058823529	4800	03:17:00
173049	41.17647058823529	4801	01:57:00
48550	41.17647058823529	4892	02:30:00
24|6
459622	41.17647058823529	5029	13:41:00
112126	41.17647058823529	5038	14:19:00
614925	41.17647058823529	5074	10:24:00
489371	41.17647058823529	5092	13:59:00
85222	41.17647058823529	5121	08:19:00
181089	41.17647058823529	5121	09:07:00
25|6
563692	41.17647058823529	3652	23:16:00
582591	41.17647058823529	3652	23:16:00
600770	41.17647058823529	3652	23:16:00
607946	41.17647058823529	3652	23:16:00
274703	41.17647058823529	3652	23:17:00
362307	41.17647058823529	3652	23:19:00
26|6
614243	41.17647058823529	4315	19:25:00
617646	41.17647058823529	4315	19:25:00
622325	41.17647058823529	4315	19:25:00
55629	41.17647058823529	4315	19:32:00
363904	41.17647058823529	4315	19:32:00
373402	41.17647058823529	4315	19:32:00
27|6
169081	41.17647058823529	4637	07:48:00
386683	41.17647058823529	4637	07:48:00
224051	41.17647058823529	4703	06:34:00
436056	41.17647058823529	4800	15:25:00
473055	41.17647058823529	4902	17:21:00
26226	41.17647058823529	4902	17:29:00
28|6
75707	41.17647058823529	6028	02:29:00
397543	41.17647058823529	6028	02:29:00
298685	41.17647058823529	6028	02:32:00
75410	41.17647058823529	6028	02:34:00
567631	41.17647058823529	6028	02:34:00
578903	41.17647058823529	6028	02:39:00
29|6
184754	41.17647058823529	5518	03:54:00
556366	41.17647058823529	5518	03:54:00
238646	41.17647058823529	5518	03:56:00
7876	41.17647058823529	5518	03:57:00
302000	41.17647058823529	5518	03:57:00
569396	41.17647058823529	5619	19:41:00
30|6
267846	41.17647058823529	3630	21:31:00
467178	41.17647058823529	3630	21:31:00
444949	41.17647058823529	4709	13:03:00
489457	41.17647058823529	4709	13:14:00
529957	41.17647058823529	4709	13:16:00
552786	41.17647058823529	4709	13:24:00
31|6
123929	41.17647058823529	5344	20:38:00
98718	41.17647058823529	5352	09:05:00
195434	41.17647058823529	5353	23:27:00
588686	41.17647058823529	5353	23:35:00
604347	41.17647058823529	5370	16:36:00
17497	41.17647058823529	5414	18:31:00
32|6
358441	41.17647058823529	4308	18:24:00
440694	41.17647058823529	4308	18:24:00
577474	41.17647058823529	4308	18:24:00
266281	41.17647058823529	4308	18:25:00
371598	41.17647058823529	4308	18:25:00
564115	41.17647058823529	4308	18:25:00
33|6
75943	41.17647058823529	4063	08:45:00
355155	41.17647058823529	4063	08:53:00
564115	41.17647058823529	4063	08:54:00
364683	41.17647058823529	4063	09:01:00
437608	41.17647058823529	4063	09:01:00
603145	41.17647058823529	4063	09:01:00
34|6
1188	41.17647058823529	4384	15:40:00
4132	41.17647058823529	4384	15:40:00
30125	41.17647058823529	4384	15:40:00
36422	41.17647058823529	4384	15:40:00
421158	41.17647058823529	4384	15:40:00
482854	41.17647058823529	4384	15:40:00
35|6
529098	41.17647058823529	5494	14:35:00
559371	41.17647058823529	5494	15:48:00
237542	41.17647058823529	5494	15:50:00
549463	41.17647058823529	5494	15:50:00
381626	41.17647058823529	5494	16:17:00
407756	41.17647058823529	5494	16:17:00
36|6
571905	41.17647058823529	4001	20:14:00
198370	41.17647058823529	4002	16:25:00
347177	41.17647058823529	4002	16:37:00
27598	41.17647058823529	4002	16:55:00
551806	41.17647058823529	4002	16:56:00
193586	41.17647058823529	4002	17:29:00
37|6
169627	41.17647058823529	5122	13:00:00
130254	41.17647058823529	5122	13:04:00
141393	41.17647058823529	5122	13:04:00
469645	41.17647058823529	5122	14:08:00
84209	41.17647058823529	5122	15:39:00
280641	41.17647058823529	5122	15:46:00
38|6
504528	41.17647058823529	5397	07:55:00
517718	41.17647058823529	5397	07:55:00
532569	41.17647058823529	5397	07:55:00
614243	41.17647058823529	5397	07:55:00
614925	41.17647058823529	5397	07:55:00
622325	41.17647058823529	5397	07:55:00
39|6
614925	41.17647058823529	4316	22:00:00
34525	41.17647058823529	4316	22:31:00
540166	41.17647058823529	4316	22:31:00
327744	41.17647058823529	4316	22:34:00
9986	41.17647058823529	4316	22:38:00
536930	41.17647058823529	4316	22:38:00
40|6
328269	41.17647058823529	4596	07:29:00
195544	41.17647058823529	4596	07:32:00
186013	41.17647058823529	4596	07:35:00
213529	41.17647058823529	4596	07:35:00
257054	41.17647058823529	4596	07:35:00
509660	41.17647058823529	4596	07:40:00
41|6
498148	41.17647058823529	3878	14:36:00
113311	41.17647058823529	3883	01:17:00
571579	41.17647058823529	3972	15:05:00
199025	41.17647058823529	4303	21:08:00
375693	41.17647058823529	4303	21:08:00
591163	41.17647058823529	4303	21:08:00
42|6
134908	41.17647058823529	4596	13:45:00
303711	41.17647058823529	4597	08:56:00
3669	41.17647058823529	4597	09:58:00
458099	41.17647058823529	4598	08:21:00
82555	41.17647058823529	4598	10:13:00
248920	41.17647058823529	4598	10:13:00
43|6
309068	41.17647058823529	4635	00:15:00
328957	41.17647058823529	4635	00:15:00
376863	41.17647058823529	4635	00:15:00
60117	41.17647058823529	4635	00:20:00
409361	41.17647058823529	4635	00:20:00
581975	41.17647058823529	4641	08:55:00
