0|6
550452	41.568627450980394	5229	18:10:00
323933	41.568627450980394	5802	11:05:00
159248	41.568627450980394	5802	11:27:00
554099	41.568627450980394	5815	16:02:00
70896	41.568627450980394	5815	16:26:00
518385	41.568627450980394	5815	16:38:00
1|6
614243	41.568627450980394	5424	15:27:00
616649	41.568627450980394	5424	15:27:00
617646	41.568627450980394	5424	15:27:00
620594	41.568627450980394	5424	15:27:00
622325	41.568627450980394	5424	15:27:00
623778	41.568627450980394	5424	15:27:00
2|6
521716	41.568627450980394	4220	10:26:00
531386	41.568627450980394	4220	10:26:00
534002	41.568627450980394	4220	10:26:00
602548	41.568627450980394	4220	10:26:00
297989	41.568627450980394	5332	13:11:00
532569	41.568627450980394	5332	13:13:00
3|6
266898	41.568627450980394	3811	14:01:00
577089	41.568627450980394	3811	14:07:00
418340	41.568627450980394	3811	14:50:00
489371	41.568627450980394	4387	18:43:00
541471	41.568627450980394	4387	19:16:00
230010	41.568627450980394	4458	14:32:00
4|6
160409	41.568627450980394	4859	11:24:00
309265	41.568627450980394	4866	13:54:00
566574	41.568627450980394	4866	13:54:00
94767	41.568627450980394	4885	13:18:00
617491	41.568627450980394	4893	13:40:00
561044	41.568627450980394	4894	13:41:00
5|6
55372	41.568627450980394	5226	13:41:00
568050	41.568627450980394	5226	13:41:00
614805	41.568627450980394	5226	13:41:00
374622	41.568627450980394	5226	13:42:00
390355	41.568627450980394	5226	13:42:00
600781	41.568627450980394	5226	13:42:00
6|6
34428	41.568627450980394	5092	15:36:00
370386	41.568627450980394	5092	15:36:00
614925	41.568627450980394	5092	15:37:00
248723	41.568627450980394	5092	15:40:00
252962	41.568627450980394	5092	15:40:00
504528	41.568627450980394	5092	15:40:00
7|6
591369	41.568627450980394	6033	19:54:00
28621	41.568627450980394	6033	19:55:00
40189	41.568627450980394	6033	19:55:00
434891	41.568627450980394	6033	19:55:00
80657	41.568627450980394	6033	19:57:00
532790	41.568627450980394	6033	20:00:00
8|6
532569	41.568627450980394	4998	14:28:00
558154	41.568627450980394	4998	14:28:00
569179	41.568627450980394	4998	14:28:00
574204	41.568627450980394	4998	14:28:00
622325	41.568627450980394	4998	14:28:00
213829	41.568627450980394	4998	14:50:00
9|6
531386	41.568627450980394	4607	22:13:00
532569	41.568627450980394	4607	22:13:00
592747	41.568627450980394	4607	22:13:00
602602	41.568627450980394	4607	22:13:00
614925	41.568627450980394	4607	22:13:00
622325	41.568627450980394	4607	22:13:00
10|6
453396	41.568627450980394	3546	10:12:00
587636	41.568627450980394	3546	10:12:00
591461	41.568627450980394	3546	10:12:00
596241	41.568627450980394	3546	10:12:00
612520	41.568627450980394	3546	10:12:00
616649	41.568627450980394	3546	10:12:00
11|6
533053	41.568627450980394	4665	22:26:00
2273	41.568627450980394	4670	19:46:00
117627	41.568627450980394	4670	19:47:00
436796	41.568627450980394	4670	19:48:00
613923	41.568627450980394	4670	19:52:00
359283	41.568627450980394	4670	19:56:00
12|6
275010	41.568627450980394	5070	00:06:00
46030	41.568627450980394	5070	00:17:00
29235	41.568627450980394	5070	00:19:00
498179	41.568627450980394	5070	00:19:00
556541	41.568627450980394	5070	00:19:00
558814	41.568627450980394	5172	14:59:00
13|6
546992	41.568627450980394	4980	00:39:00
567726	41.568627450980394	4980	00:39:00
583090	41.568627450980394	4980	00:39:00
587636	41.568627450980394	4980	00:39:00
616649	41.568627450980394	4980	00:39:00
617646	41.568627450980394	4980	00:39:00
14|6
543905	41.568627450980394	5387	10:21:00
572538	41.568627450980394	5387	10:21:00
28590	41.568627450980394	5391	05:24:00
268594	41.568627450980394	5392	14:37:00
308881	41.568627450980394	5392	14:37:00
334831	41.568627450980394	5392	14:37:00
15|6
281112	41.568627450980394	5712	16:08:00
309256	41.568627450980394	5721	07:15:00
496762	41.568627450980394	5731	09:54:00
614925	41.568627450980394	5735	06:47:00
165824	41.568627450980394	5743	07:40:00
367313	41.568627450980394	5771	08:08:00
16|6
550452	41.568627450980394	5135	20:54:00
56437	41.568627450980394	5137	21:16:00
13379	41.568627450980394	5141	20:35:00
39046	41.568627450980394	5141	20:53:00
405897	41.568627450980394	5156	16:44:00
267723	41.568627450980394	5189	10:04:00
17|6
25205	41.568627450980394	4934	13:12:00
103410	41.568627450980394	4935	22:39:00
624550	41.568627450980394	4935	22:44:00
338242	41.568627450980394	4935	22:48:00
25311	41.568627450980394	4935	22:57:00
47310	41.568627450980394	4935	22:58:00
18|6
359811	41.568627450980394	5886	09:59:00
576535	41.568627450980394	5886	09:59:00
260310	41.568627450980394	5950	23:02:00
49509	41.568627450980394	6161	18:54:00
206975	41.568627450980394	6161	18:54:00
252459	41.568627450980394	6161	19:52:00
19|6
539904	41.568627450980394	4896	12:27:00
548098	41.568627450980394	4896	12:27:00
592747	41.568627450980394	4896	12:27:00
600770	41.568627450980394	4896	12:27:00
608376	41.568627450980394	4896	12:27:00
622325	41.568627450980394	4896	12:27:00
20|6
489371	41.568627450980394	4025	13:01:00
517526	41.568627450980394	4025	13:01:00
538823	41.568627450980394	4025	13:01:00
540934	41.568627450980394	4025	13:01:00
600770	41.568627450980394	4025	13:01:00
607946	41.568627450980394	4025	13:01:00
21|6
116469	41.568627450980394	4477	20:08:00
33730	41.568627450980394	4477	20:11:00
100025	41.568627450980394	4477	20:11:00
95970	41.568627450980394	4477	20:15:00
267723	41.568627450980394	4477	20:15:00
449769	41.568627450980394	4477	20:15:00
22|6
559390	41.568627450980394	4394	19:58:00
152442	41.568627450980394	4394	20:53:00
182003	41.568627450980394	4394	20:53:00
225679	41.568627450980394	4394	20:53:00
41414	41.568627450980394	4394	21:00:00
106447	41.568627450980394	4423	15:53:00
23|6
540166	41.568627450980394	4736	06:24:00
389637	41.568627450980394	4739	03:02:00
44531	41.568627450980394	4797	05:16:00
130559	41.568627450980394	4800	03:17:00
173049	41.568627450980394	4801	01:57:00
48550	41.568627450980394	4892	02:30:00
24|6
459622	41.568627450980394	5029	13:41:00
112126	41.568627450980394	5038	14:19:00
614925	41.568627450980394	5074	10:24:00
489371	41.568627450980394	5092	13:59:00
85222	41.568627450980394	5121	08:19:00
181089	41.568627450980394	5121	09:07:00
25|6
563692	41.568627450980394	3652	23:16:00
582591	41.568627450980394	3652	23:16:00
600770	41.568627450980394	3652	23:16:00
607946	41.568627450980394	3652	23:16:00
274703	41.568627450980394	3652	23:17:00
362307	41.568627450980394	3652	23:19:00
26|6
614243	41.568627450980394	4315	19:25:00
617646	41.568627450980394	4315	19:25:00
622325	41.568627450980394	4315	19:25:00
55629	41.568627450980394	4315	19:32:00
363904	41.568627450980394	4315	19:32:00
373402	41.568627450980394	4315	19:32:00
27|6
169081	41.568627450980394	4637	07:48:00
386683	41.568627450980394	4637	07:48:00
224051	41.568627450980394	4703	06:34:00
436056	41.568627450980394	4800	15:25:00
473055	41.568627450980394	4902	17:21:00
26226	41.568627450980394	4902	17:29:00
28|6
75707	41.568627450980394	6028	02:29:00
397543	41.568627450980394	6028	02:29:00
298685	41.568627450980394	6028	02:32:00
75410	41.568627450980394	6028	02:34:00
567631	41.568627450980394	6028	02:34:00
578903	41.568627450980394	6028	02:39:00
29|6
184754	41.568627450980394	5518	03:54:00
556366	41.568627450980394	5518	03:54:00
238646	41.568627450980394	5518	03:56:00
7876	41.568627450980394	5518	03:57:00
302000	41.568627450980394	5518	03:57:00
569396	41.568627450980394	5619	19:41:00
30|6
267846	41.568627450980394	3630	21:31:00
467178	41.568627450980394	3630	21:31:00
444949	41.568627450980394	4709	13:03:00
489457	41.568627450980394	4709	13:14:00
529957	41.568627450980394	4709	13:16:00
552786	41.568627450980394	4709	13:24:00
31|6
123929	41.568627450980394	5344	20:38:00
98718	41.568627450980394	5352	09:05:00
195434	41.568627450980394	5353	23:27:00
588686	41.568627450980394	5353	23:35:00
604347	41.568627450980394	5370	16:36:00
17497	41.568627450980394	5414	18:31:00
32|6
358441	41.568627450980394	4308	18:24:00
440694	41.568627450980394	4308	18:24:00
577474	41.568627450980394	4308	18:24:00
266281	41.568627450980394	4308	18:25:00
371598	41.568627450980394	4308	18:25:00
564115	41.568627450980394	4308	18:25:00
33|6
75943	41.568627450980394	4063	08:45:00
355155	41.568627450980394	4063	08:53:00
564115	41.568627450980394	4063	08:54:00
364683	41.568627450980394	4063	09:01:00
437608	41.568627450980394	4063	09:01:00
603145	41.568627450980394	4063	09:01:00
34|6
1188	41.568627450980394	4384	15:40:00
4132	41.568627450980394	4384	15:40:00
30125	41.568627450980394	4384	15:40:00
36422	41.568627450980394	4384	15:40:00
421158	41.568627450980394	4384	15:40:00
482854	41.568627450980394	4384	15:40:00
35|6
529098	41.568627450980394	5494	14:35:00
559371	41.568627450980394	5494	15:48:00
237542	41.568627450980394	5494	15:50:00
549463	41.568627450980394	5494	15:50:00
381626	41.568627450980394	5494	16:17:00
407756	41.568627450980394	5494	16:17:00
36|6
571905	41.568627450980394	4001	20:14:00
198370	41.568627450980394	4002	16:25:00
347177	41.568627450980394	4002	16:37:00
27598	41.568627450980394	4002	16:55:00
551806	41.568627450980394	4002	16:56:00
193586	41.568627450980394	4002	17:29:00
37|6
169627	41.568627450980394	5122	13:00:00
130254	41.568627450980394	5122	13:04:00
141393	41.568627450980394	5122	13:04:00
469645	41.568627450980394	5122	14:08:00
84209	41.568627450980394	5122	15:39:00
280641	41.568627450980394	5122	15:46:00
38|6
504528	41.568627450980394	5397	07:55:00
517718	41.568627450980394	5397	07:55:00
532569	41.568627450980394	5397	07:55:00
614243	41.568627450980394	5397	07:55:00
614925	41.568627450980394	5397	07:55:00
622325	41.568627450980394	5397	07:55:00
39|6
614925	41.568627450980394	4316	22:00:00
34525	41.568627450980394	4316	22:31:00
540166	41.568627450980394	4316	22:31:00
327744	41.568627450980394	4316	22:34:00
9986	41.568627450980394	4316	22:38:00
536930	41.568627450980394	4316	22:38:00
40|6
328269	41.568627450980394	4596	07:29:00
195544	41.568627450980394	4596	07:32:00
186013	41.568627450980394	4596	07:35:00
213529	41.568627450980394	4596	07:35:00
257054	41.568627450980394	4596	07:35:00
509660	41.568627450980394	4596	07:40:00
41|6
498148	41.568627450980394	3878	14:36:00
113311	41.568627450980394	3883	01:17:00
571579	41.568627450980394	3972	15:05:00
199025	41.568627450980394	4303	21:08:00
375693	41.568627450980394	4303	21:08:00
591163	41.568627450980394	4303	21:08:00
42|6
134908	41.568627450980394	4596	13:45:00
303711	41.568627450980394	4597	08:56:00
3669	41.568627450980394	4597	09:58:00
458099	41.568627450980394	4598	08:21:00
82555	41.568627450980394	4598	10:13:00
248920	41.568627450980394	4598	10:13:00
43|6
309068	41.568627450980394	4635	00:15:00
328957	41.568627450980394	4635	00:15:00
376863	41.568627450980394	4635	00:15:00
60117	41.568627450980394	4635	00:20:00
409361	41.568627450980394	4635	00:20:00
581975	41.568627450980394	4641	08:55:00
