0|6
550452	43.92156862745098	5229	18:10:00
323933	43.92156862745098	5802	11:05:00
159248	43.92156862745098	5802	11:27:00
554099	43.92156862745098	5815	16:02:00
70896	43.92156862745098	5815	16:26:00
518385	43.92156862745098	5815	16:38:00
1|6
614243	43.92156862745098	5424	15:27:00
616649	43.92156862745098	5424	15:27:00
617646	43.92156862745098	5424	15:27:00
620594	43.92156862745098	5424	15:27:00
622325	43.92156862745098	5424	15:27:00
623778	43.92156862745098	5424	15:27:00
2|6
521716	43.92156862745098	4220	10:26:00
531386	43.92156862745098	4220	10:26:00
534002	43.92156862745098	4220	10:26:00
602548	43.92156862745098	4220	10:26:00
297989	43.92156862745098	5332	13:11:00
532569	43.92156862745098	5332	13:13:00
3|6
266898	43.92156862745098	3811	14:01:00
577089	43.92156862745098	3811	14:07:00
418340	43.92156862745098	3811	14:50:00
489371	43.92156862745098	4387	18:43:00
541471	43.92156862745098	4387	19:16:00
230010	43.92156862745098	4458	14:32:00
4|6
160409	43.92156862745098	4859	11:24:00
309265	43.92156862745098	4866	13:54:00
566574	43.92156862745098	4866	13:54:00
94767	43.92156862745098	4885	13:18:00
617491	43.92156862745098	4893	13:40:00
561044	43.92156862745098	4894	13:41:00
5|6
55372	43.92156862745098	5226	13:41:00
568050	43.92156862745098	5226	13:41:00
614805	43.92156862745098	5226	13:41:00
374622	43.92156862745098	5226	13:42:00
390355	43.92156862745098	5226	13:42:00
600781	43.92156862745098	5226	13:42:00
6|6
34428	43.92156862745098	5092	15:36:00
370386	43.92156862745098	5092	15:36:00
614925	43.92156862745098	5092	15:37:00
248723	43.92156862745098	5092	15:40:00
252962	43.92156862745098	5092	15:40:00
504528	43.92156862745098	5092	15:40:00
7|6
591369	43.92156862745098	6033	19:54:00
28621	43.92156862745098	6033	19:55:00
40189	43.92156862745098	6033	19:55:00
434891	43.92156862745098	6033	19:55:00
80657	43.92156862745098	6033	19:57:00
532790	43.92156862745098	6033	20:00:00
8|6
532569	43.92156862745098	4998	14:28:00
558154	43.92156862745098	4998	14:28:00
569179	43.92156862745098	4998	14:28:00
574204	43.92156862745098	4998	14:28:00
622325	43.92156862745098	4998	14:28:00
213829	43.92156862745098	4998	14:50:00
9|6
531386	43.92156862745098	4607	22:13:00
532569	43.92156862745098	4607	22:13:00
592747	43.92156862745098	4607	22:13:00
602602	43.92156862745098	4607	22:13:00
614925	43.92156862745098	4607	22:13:00
622325	43.92156862745098	4607	22:13:00
10|6
453396	43.92156862745098	3546	10:12:00
587636	43.92156862745098	3546	10:12:00
591461	43.92156862745098	3546	10:12:00
596241	43.92156862745098	3546	10:12:00
612520	43.92156862745098	3546	10:12:00
616649	43.92156862745098	3546	10:12:00
11|6
533053	43.92156862745098	4665	22:26:00
2273	43.92156862745098	4670	19:46:00
117627	43.92156862745098	4670	19:47:00
436796	43.92156862745098	4670	19:48:00
613923	43.92156862745098	4670	19:52:00
359283	43.92156862745098	4670	19:56:00
12|6
275010	43.92156862745098	5070	00:06:00
46030	43.92156862745098	5070	00:17:00
29235	43.92156862745098	5070	00:19:00
498179	43.92156862745098	5070	00:19:00
556541	43.92156862745098	5070	00:19:00
558814	43.92156862745098	5172	14:59:00
13|6
546992	43.92156862745098	4980	00:39:00
567726	43.92156862745098	4980	00:39:00
583090	43.92156862745098	4980	00:39:00
587636	43.92156862745098	4980	00:39:00
616649	43.92156862745098	4980	00:39:00
617646	43.92156862745098	4980	00:39:00
14|6
543905	43.92156862745098	5387	10:21:00
572538	43.92156862745098	5387	10:21:00
28590	43.92156862745098	5391	05:24:00
268594	43.92156862745098	5392	14:37:00
308881	43.92156862745098	5392	14:37:00
334831	43.92156862745098	5392	14:37:00
15|6
281112	43.92156862745098	5712	16:08:00
309256	43.92156862745098	5721	07:15:00
496762	43.92156862745098	5731	09:54:00
614925	43.92156862745098	5735	06:47:00
165824	43.92156862745098	5743	07:40:00
367313	43.92156862745098	5771	08:08:00
16|6
550452	43.92156862745098	5135	20:54:00
56437	43.92156862745098	5137	21:16:00
13379	43.92156862745098	5141	20:35:00
39046	43.92156862745098	5141	20:53:00
405897	43.92156862745098	5156	16:44:00
267723	43.92156862745098	5189	10:04:00
17|6
25205	43.92156862745098	4934	13:12:00
103410	43.92156862745098	4935	22:39:00
624550	43.92156862745098	4935	22:44:00
338242	43.92156862745098	4935	22:48:00
25311	43.92156862745098	4935	22:57:00
47310	43.92156862745098	4935	22:58:00
18|6
359811	43.92156862745098	5886	09:59:00
576535	43.92156862745098	5886	09:59:00
260310	43.92156862745098	5950	23:02:00
49509	43.92156862745098	6161	18:54:00
206975	43.92156862745098	6161	18:54:00
252459	43.92156862745098	6161	19:52:00
19|6
539904	43.92156862745098	4896	12:27:00
548098	43.92156862745098	4896	12:27:00
592747	43.92156862745098	4896	12:27:00
600770	43.92156862745098	4896	12:27:00
608376	43.92156862745098	4896	12:27:00
622325	43.92156862745098	4896	12:27:00
20|6
489371	43.92156862745098	4025	13:01:00
517526	43.92156862745098	4025	13:01:00
538823	43.92156862745098	4025	13:01:00
540934	43.92156862745098	4025	13:01:00
600770	43.92156862745098	4025	13:01:00
607946	43.92156862745098	4025	13:01:00
21|6
116469	43.92156862745098	4477	20:08:00
33730	43.92156862745098	4477	20:11:00
100025	43.92156862745098	4477	20:11:00
95970	43.92156862745098	4477	20:15:00
267723	43.92156862745098	4477	20:15:00
449769	43.92156862745098	4477	20:15:00
22|6
559390	43.92156862745098	4394	19:58:00
152442	43.92156862745098	4394	20:53:00
182003	43.92156862745098	4394	20:53:00
225679	43.92156862745098	4394	20:53:00
41414	43.92156862745098	4394	21:00:00
106447	43.92156862745098	4423	15:53:00
23|6
540166	43.92156862745098	4736	06:24:00
389637	43.92156862745098	4739	03:02:00
44531	43.92156862745098	4797	05:16:00
130559	43.92156862745098	4800	03:17:00
173049	43.92156862745098	4801	01:57:00
48550	43.92156862745098	4892	02:30:00
24|6
459622	43.92156862745098	5029	13:41:00
112126	43.92156862745098	5038	14:19:00
614925	43.92156862745098	5074	10:24:00
489371	43.92156862745098	5092	13:59:00
85222	43.92156862745098	5121	08:19:00
181089	43.92156862745098	5121	09:07:00
25|6
563692	43.92156862745098	3652	23:16:00
582591	43.92156862745098	3652	23:16:00
600770	43.92156862745098	3652	23:16:00
607946	43.92156862745098	3652	23:16:00
274703	43.92156862745098	3652	23:17:00
362307	43.92156862745098	3652	23:19:00
26|6
614243	43.92156862745098	4315	19:25:00
617646	43.92156862745098	4315	19:25:00
622325	43.92156862745098	4315	19:25:00
55629	43.92156862745098	4315	19:32:00
363904	43.92156862745098	4315	19:32:00
373402	43.92156862745098	4315	19:32:00
27|6
169081	43.92156862745098	4637	07:48:00
386683	43.92156862745098	4637	07:48:00
224051	43.92156862745098	4703	06:34:00
436056	43.92156862745098	4800	15:25:00
473055	43.92156862745098	4902	17:21:00
26226	43.92156862745098	4902	17:29:00
28|6
75707	43.92156862745098	6028	02:29:00
397543	43.92156862745098	6028	02:29:00
298685	43.92156862745098	6028	02:32:00
75410	43.92156862745098	6028	02:34:00
567631	43.92156862745098	6028	02:34:00
578903	43.92156862745098	6028	02:39:00
29|6
184754	43.92156862745098	5518	03:54:00
556366	43.92156862745098	5518	03:54:00
238646	43.92156862745098	5518	03:56:00
7876	43.92156862745098	5518	03:57:00
302000	43.92156862745098	5518	03:57:00
569396	43.92156862745098	5619	19:41:00
30|6
267846	43.92156862745098	3630	21:31:00
467178	43.92156862745098	3630	21:31:00
444949	43.92156862745098	4709	13:03:00
489457	43.92156862745098	4709	13:14:00
529957	43.92156862745098	4709	13:16:00
552786	43.92156862745098	4709	13:24:00
31|6
123929	43.92156862745098	5344	20:38:00
98718	43.92156862745098	5352	09:05:00
195434	43.92156862745098	5353	23:27:00
588686	43.92156862745098	5353	23:35:00
604347	43.92156862745098	5370	16:36:00
17497	43.92156862745098	5414	18:31:00
32|6
358441	43.92156862745098	4308	18:24:00
440694	43.92156862745098	4308	18:24:00
577474	43.92156862745098	4308	18:24:00
266281	43.92156862745098	4308	18:25:00
371598	43.92156862745098	4308	18:25:00
564115	43.92156862745098	4308	18:25:00
33|6
75943	43.92156862745098	4063	08:45:00
355155	43.92156862745098	4063	08:53:00
564115	43.92156862745098	4063	08:54:00
364683	43.92156862745098	4063	09:01:00
437608	43.92156862745098	4063	09:01:00
603145	43.92156862745098	4063	09:01:00
34|6
1188	43.92156862745098	4384	15:40:00
4132	43.92156862745098	4384	15:40:00
30125	43.92156862745098	4384	15:40:00
36422	43.92156862745098	4384	15:40:00
421158	43.92156862745098	4384	15:40:00
482854	43.92156862745098	4384	15:40:00
35|6
529098	43.92156862745098	5494	14:35:00
559371	43.92156862745098	5494	15:48:00
237542	43.92156862745098	5494	15:50:00
549463	43.92156862745098	5494	15:50:00
381626	43.92156862745098	5494	16:17:00
407756	43.92156862745098	5494	16:17:00
36|6
571905	43.92156862745098	4001	20:14:00
198370	43.92156862745098	4002	16:25:00
347177	43.92156862745098	4002	16:37:00
27598	43.92156862745098	4002	16:55:00
551806	43.92156862745098	4002	16:56:00
193586	43.92156862745098	4002	17:29:00
37|6
169627	43.92156862745098	5122	13:00:00
130254	43.92156862745098	5122	13:04:00
141393	43.92156862745098	5122	13:04:00
469645	43.92156862745098	5122	14:08:00
84209	43.92156862745098	5122	15:39:00
280641	43.92156862745098	5122	15:46:00
38|6
504528	43.92156862745098	5397	07:55:00
517718	43.92156862745098	5397	07:55:00
532569	43.92156862745098	5397	07:55:00
614243	43.92156862745098	5397	07:55:00
614925	43.92156862745098	5397	07:55:00
622325	43.92156862745098	5397	07:55:00
39|6
614925	43.92156862745098	4316	22:00:00
34525	43.92156862745098	4316	22:31:00
540166	43.92156862745098	4316	22:31:00
327744	43.92156862745098	4316	22:34:00
9986	43.92156862745098	4316	22:38:00
536930	43.92156862745098	4316	22:38:00
40|6
328269	43.92156862745098	4596	07:29:00
195544	43.92156862745098	4596	07:32:00
186013	43.92156862745098	4596	07:35:00
213529	43.92156862745098	4596	07:35:00
257054	43.92156862745098	4596	07:35:00
509660	43.92156862745098	4596	07:40:00
41|6
498148	43.92156862745098	3878	14:36:00
113311	43.92156862745098	3883	01:17:00
571579	43.92156862745098	3972	15:05:00
199025	43.92156862745098	4303	21:08:00
375693	43.92156862745098	4303	21:08:00
591163	43.92156862745098	4303	21:08:00
42|6
134908	43.92156862745098	4596	13:45:00
303711	43.92156862745098	4597	08:56:00
3669	43.92156862745098	4597	09:58:00
458099	43.92156862745098	4598	08:21:00
82555	43.92156862745098	4598	10:13:00
248920	43.92156862745098	4598	10:13:00
43|6
309068	43.92156862745098	4635	00:15:00
328957	43.92156862745098	4635	00:15:00
376863	43.92156862745098	4635	00:15:00
60117	43.92156862745098	4635	00:20:00
409361	43.92156862745098	4635	00:20:00
581975	43.92156862745098	4641	08:55:00
