0|6
550452	44.70588235294118	5229	18:10:00
323933	44.70588235294118	5802	11:05:00
159248	44.70588235294118	5802	11:27:00
554099	44.70588235294118	5815	16:02:00
70896	44.70588235294118	5815	16:26:00
518385	44.70588235294118	5815	16:38:00
1|6
614243	44.70588235294118	5424	15:27:00
616649	44.70588235294118	5424	15:27:00
617646	44.70588235294118	5424	15:27:00
620594	44.70588235294118	5424	15:27:00
622325	44.70588235294118	5424	15:27:00
623778	44.70588235294118	5424	15:27:00
2|6
521716	44.70588235294118	4220	10:26:00
531386	44.70588235294118	4220	10:26:00
534002	44.70588235294118	4220	10:26:00
602548	44.70588235294118	4220	10:26:00
297989	44.70588235294118	5332	13:11:00
532569	44.70588235294118	5332	13:13:00
3|6
266898	44.70588235294118	3811	14:01:00
577089	44.70588235294118	3811	14:07:00
418340	44.70588235294118	3811	14:50:00
489371	44.70588235294118	4387	18:43:00
541471	44.70588235294118	4387	19:16:00
230010	44.70588235294118	4458	14:32:00
4|6
160409	44.70588235294118	4859	11:24:00
309265	44.70588235294118	4866	13:54:00
566574	44.70588235294118	4866	13:54:00
94767	44.70588235294118	4885	13:18:00
617491	44.70588235294118	4893	13:40:00
561044	44.70588235294118	4894	13:41:00
5|6
55372	44.70588235294118	5226	13:41:00
568050	44.70588235294118	5226	13:41:00
614805	44.70588235294118	5226	13:41:00
374622	44.70588235294118	5226	13:42:00
390355	44.70588235294118	5226	13:42:00
600781	44.70588235294118	5226	13:42:00
6|6
34428	44.70588235294118	5092	15:36:00
370386	44.70588235294118	5092	15:36:00
614925	44.70588235294118	5092	15:37:00
248723	44.70588235294118	5092	15:40:00
252962	44.70588235294118	5092	15:40:00
504528	44.70588235294118	5092	15:40:00
7|6
591369	44.70588235294118	6033	19:54:00
28621	44.70588235294118	6033	19:55:00
40189	44.70588235294118	6033	19:55:00
434891	44.70588235294118	6033	19:55:00
80657	44.70588235294118	6033	19:57:00
532790	44.70588235294118	6033	20:00:00
8|6
532569	44.70588235294118	4998	14:28:00
558154	44.70588235294118	4998	14:28:00
569179	44.70588235294118	4998	14:28:00
574204	44.70588235294118	4998	14:28:00
622325	44.70588235294118	4998	14:28:00
213829	44.70588235294118	4998	14:50:00
9|6
531386	44.70588235294118	4607	22:13:00
532569	44.70588235294118	4607	22:13:00
592747	44.70588235294118	4607	22:13:00
602602	44.70588235294118	4607	22:13:00
614925	44.70588235294118	4607	22:13:00
622325	44.70588235294118	4607	22:13:00
10|6
453396	44.70588235294118	3546	10:12:00
587636	44.70588235294118	3546	10:12:00
591461	44.70588235294118	3546	10:12:00
596241	44.70588235294118	3546	10:12:00
612520	44.70588235294118	3546	10:12:00
616649	44.70588235294118	3546	10:12:00
11|6
533053	44.70588235294118	4665	22:26:00
2273	44.70588235294118	4670	19:46:00
117627	44.70588235294118	4670	19:47:00
436796	44.70588235294118	4670	19:48:00
613923	44.70588235294118	4670	19:52:00
359283	44.70588235294118	4670	19:56:00
12|6
275010	44.70588235294118	5070	00:06:00
46030	44.70588235294118	5070	00:17:00
29235	44.70588235294118	5070	00:19:00
498179	44.70588235294118	5070	00:19:00
556541	44.70588235294118	5070	00:19:00
558814	44.70588235294118	5172	14:59:00
13|6
546992	44.70588235294118	4980	00:39:00
567726	44.70588235294118	4980	00:39:00
583090	44.70588235294118	4980	00:39:00
587636	44.70588235294118	4980	00:39:00
616649	44.70588235294118	4980	00:39:00
617646	44.70588235294118	4980	00:39:00
14|6
543905	44.70588235294118	5387	10:21:00
572538	44.70588235294118	5387	10:21:00
28590	44.70588235294118	5391	05:24:00
268594	44.70588235294118	5392	14:37:00
308881	44.70588235294118	5392	14:37:00
334831	44.70588235294118	5392	14:37:00
15|6
281112	44.70588235294118	5712	16:08:00
309256	44.70588235294118	5721	07:15:00
496762	44.70588235294118	5731	09:54:00
614925	44.70588235294118	5735	06:47:00
165824	44.70588235294118	5743	07:40:00
367313	44.70588235294118	5771	08:08:00
16|6
550452	44.70588235294118	5135	20:54:00
56437	44.70588235294118	5137	21:16:00
13379	44.70588235294118	5141	20:35:00
39046	44.70588235294118	5141	20:53:00
405897	44.70588235294118	5156	16:44:00
267723	44.70588235294118	5189	10:04:00
17|6
25205	44.70588235294118	4934	13:12:00
103410	44.70588235294118	4935	22:39:00
624550	44.70588235294118	4935	22:44:00
338242	44.70588235294118	4935	22:48:00
25311	44.70588235294118	4935	22:57:00
47310	44.70588235294118	4935	22:58:00
18|6
359811	44.70588235294118	5886	09:59:00
576535	44.70588235294118	5886	09:59:00
260310	44.70588235294118	5950	23:02:00
49509	44.70588235294118	6161	18:54:00
206975	44.70588235294118	6161	18:54:00
252459	44.70588235294118	6161	19:52:00
19|6
539904	44.70588235294118	4896	12:27:00
548098	44.70588235294118	4896	12:27:00
592747	44.70588235294118	4896	12:27:00
600770	44.70588235294118	4896	12:27:00
608376	44.70588235294118	4896	12:27:00
622325	44.70588235294118	4896	12:27:00
20|6
489371	44.70588235294118	4025	13:01:00
517526	44.70588235294118	4025	13:01:00
538823	44.70588235294118	4025	13:01:00
540934	44.70588235294118	4025	13:01:00
600770	44.70588235294118	4025	13:01:00
607946	44.70588235294118	4025	13:01:00
21|6
116469	44.70588235294118	4477	20:08:00
33730	44.70588235294118	4477	20:11:00
100025	44.70588235294118	4477	20:11:00
95970	44.70588235294118	4477	20:15:00
267723	44.70588235294118	4477	20:15:00
449769	44.70588235294118	4477	20:15:00
22|6
559390	44.70588235294118	4394	19:58:00
152442	44.70588235294118	4394	20:53:00
182003	44.70588235294118	4394	20:53:00
225679	44.70588235294118	4394	20:53:00
41414	44.70588235294118	4394	21:00:00
106447	44.70588235294118	4423	15:53:00
23|6
540166	44.70588235294118	4736	06:24:00
389637	44.70588235294118	4739	03:02:00
44531	44.70588235294118	4797	05:16:00
130559	44.70588235294118	4800	03:17:00
173049	44.70588235294118	4801	01:57:00
48550	44.70588235294118	4892	02:30:00
24|6
459622	44.70588235294118	5029	13:41:00
112126	44.70588235294118	5038	14:19:00
614925	44.70588235294118	5074	10:24:00
489371	44.70588235294118	5092	13:59:00
85222	44.70588235294118	5121	08:19:00
181089	44.70588235294118	5121	09:07:00
25|6
563692	44.70588235294118	3652	23:16:00
582591	44.70588235294118	3652	23:16:00
600770	44.70588235294118	3652	23:16:00
607946	44.70588235294118	3652	23:16:00
274703	44.70588235294118	3652	23:17:00
362307	44.70588235294118	3652	23:19:00
26|6
614243	44.70588235294118	4315	19:25:00
617646	44.70588235294118	4315	19:25:00
622325	44.70588235294118	4315	19:25:00
55629	44.70588235294118	4315	19:32:00
363904	44.70588235294118	4315	19:32:00
373402	44.70588235294118	4315	19:32:00
27|6
169081	44.70588235294118	4637	07:48:00
386683	44.70588235294118	4637	07:48:00
224051	44.70588235294118	4703	06:34:00
436056	44.70588235294118	4800	15:25:00
473055	44.70588235294118	4902	17:21:00
26226	44.70588235294118	4902	17:29:00
28|6
75707	44.70588235294118	6028	02:29:00
397543	44.70588235294118	6028	02:29:00
298685	44.70588235294118	6028	02:32:00
75410	44.70588235294118	6028	02:34:00
567631	44.70588235294118	6028	02:34:00
578903	44.70588235294118	6028	02:39:00
29|6
184754	44.70588235294118	5518	03:54:00
556366	44.70588235294118	5518	03:54:00
238646	44.70588235294118	5518	03:56:00
7876	44.70588235294118	5518	03:57:00
302000	44.70588235294118	5518	03:57:00
569396	44.70588235294118	5619	19:41:00
30|6
267846	44.70588235294118	3630	21:31:00
467178	44.70588235294118	3630	21:31:00
444949	44.70588235294118	4709	13:03:00
489457	44.70588235294118	4709	13:14:00
529957	44.70588235294118	4709	13:16:00
552786	44.70588235294118	4709	13:24:00
31|6
123929	44.70588235294118	5344	20:38:00
98718	44.70588235294118	5352	09:05:00
195434	44.70588235294118	5353	23:27:00
588686	44.70588235294118	5353	23:35:00
604347	44.70588235294118	5370	16:36:00
17497	44.70588235294118	5414	18:31:00
32|6
358441	44.70588235294118	4308	18:24:00
440694	44.70588235294118	4308	18:24:00
577474	44.70588235294118	4308	18:24:00
266281	44.70588235294118	4308	18:25:00
371598	44.70588235294118	4308	18:25:00
564115	44.70588235294118	4308	18:25:00
33|6
75943	44.70588235294118	4063	08:45:00
355155	44.70588235294118	4063	08:53:00
564115	44.70588235294118	4063	08:54:00
364683	44.70588235294118	4063	09:01:00
437608	44.70588235294118	4063	09:01:00
603145	44.70588235294118	4063	09:01:00
34|6
1188	44.70588235294118	4384	15:40:00
4132	44.70588235294118	4384	15:40:00
30125	44.70588235294118	4384	15:40:00
36422	44.70588235294118	4384	15:40:00
421158	44.70588235294118	4384	15:40:00
482854	44.70588235294118	4384	15:40:00
35|6
529098	44.70588235294118	5494	14:35:00
559371	44.70588235294118	5494	15:48:00
237542	44.70588235294118	5494	15:50:00
549463	44.70588235294118	5494	15:50:00
381626	44.70588235294118	5494	16:17:00
407756	44.70588235294118	5494	16:17:00
36|6
571905	44.70588235294118	4001	20:14:00
198370	44.70588235294118	4002	16:25:00
347177	44.70588235294118	4002	16:37:00
27598	44.70588235294118	4002	16:55:00
551806	44.70588235294118	4002	16:56:00
193586	44.70588235294118	4002	17:29:00
37|6
169627	44.70588235294118	5122	13:00:00
130254	44.70588235294118	5122	13:04:00
141393	44.70588235294118	5122	13:04:00
469645	44.70588235294118	5122	14:08:00
84209	44.70588235294118	5122	15:39:00
280641	44.70588235294118	5122	15:46:00
38|6
504528	44.70588235294118	5397	07:55:00
517718	44.70588235294118	5397	07:55:00
532569	44.70588235294118	5397	07:55:00
614243	44.70588235294118	5397	07:55:00
614925	44.70588235294118	5397	07:55:00
622325	44.70588235294118	5397	07:55:00
39|6
614925	44.70588235294118	4316	22:00:00
34525	44.70588235294118	4316	22:31:00
540166	44.70588235294118	4316	22:31:00
327744	44.70588235294118	4316	22:34:00
9986	44.70588235294118	4316	22:38:00
536930	44.70588235294118	4316	22:38:00
40|6
328269	44.70588235294118	4596	07:29:00
195544	44.70588235294118	4596	07:32:00
186013	44.70588235294118	4596	07:35:00
213529	44.70588235294118	4596	07:35:00
257054	44.70588235294118	4596	07:35:00
509660	44.70588235294118	4596	07:40:00
41|6
498148	44.70588235294118	3878	14:36:00
113311	44.70588235294118	3883	01:17:00
571579	44.70588235294118	3972	15:05:00
199025	44.70588235294118	4303	21:08:00
375693	44.70588235294118	4303	21:08:00
591163	44.70588235294118	4303	21:08:00
42|6
134908	44.70588235294118	4596	13:45:00
303711	44.70588235294118	4597	08:56:00
3669	44.70588235294118	4597	09:58:00
458099	44.70588235294118	4598	08:21:00
82555	44.70588235294118	4598	10:13:00
248920	44.70588235294118	4598	10:13:00
43|6
309068	44.70588235294118	4635	00:15:00
328957	44.70588235294118	4635	00:15:00
376863	44.70588235294118	4635	00:15:00
60117	44.70588235294118	4635	00:20:00
409361	44.70588235294118	4635	00:20:00
581975	44.70588235294118	4641	08:55:00
