0|6
550452	46.666666666666664	5229	18:10:00
323933	46.666666666666664	5802	11:05:00
159248	46.666666666666664	5802	11:27:00
554099	46.666666666666664	5815	16:02:00
70896	46.666666666666664	5815	16:26:00
518385	46.666666666666664	5815	16:38:00
1|6
614243	46.666666666666664	5424	15:27:00
616649	46.666666666666664	5424	15:27:00
617646	46.666666666666664	5424	15:27:00
620594	46.666666666666664	5424	15:27:00
622325	46.666666666666664	5424	15:27:00
623778	46.666666666666664	5424	15:27:00
2|6
521716	46.666666666666664	4220	10:26:00
531386	46.666666666666664	4220	10:26:00
534002	46.666666666666664	4220	10:26:00
602548	46.666666666666664	4220	10:26:00
297989	46.666666666666664	5332	13:11:00
532569	46.666666666666664	5332	13:13:00
3|6
266898	46.666666666666664	3811	14:01:00
577089	46.666666666666664	3811	14:07:00
418340	46.666666666666664	3811	14:50:00
489371	46.666666666666664	4387	18:43:00
541471	46.666666666666664	4387	19:16:00
230010	46.666666666666664	4458	14:32:00
4|6
160409	46.666666666666664	4859	11:24:00
309265	46.666666666666664	4866	13:54:00
566574	46.666666666666664	4866	13:54:00
94767	46.666666666666664	4885	13:18:00
617491	46.666666666666664	4893	13:40:00
561044	46.666666666666664	4894	13:41:00
5|6
55372	46.666666666666664	5226	13:41:00
568050	46.666666666666664	5226	13:41:00
614805	46.666666666666664	5226	13:41:00
374622	46.666666666666664	5226	13:42:00
390355	46.666666666666664	5226	13:42:00
600781	46.666666666666664	5226	13:42:00
6|6
34428	46.666666666666664	5092	15:36:00
370386	46.666666666666664	5092	15:36:00
614925	46.666666666666664	5092	15:37:00
248723	46.666666666666664	5092	15:40:00
252962	46.666666666666664	5092	15:40:00
504528	46.666666666666664	5092	15:40:00
7|6
591369	46.666666666666664	6033	19:54:00
28621	46.666666666666664	6033	19:55:00
40189	46.666666666666664	6033	19:55:00
434891	46.666666666666664	6033	19:55:00
80657	46.666666666666664	6033	19:57:00
532790	46.666666666666664	6033	20:00:00
8|6
532569	46.666666666666664	4998	14:28:00
558154	46.666666666666664	4998	14:28:00
569179	46.666666666666664	4998	14:28:00
574204	46.666666666666664	4998	14:28:00
622325	46.666666666666664	4998	14:28:00
213829	46.666666666666664	4998	14:50:00
9|6
531386	46.666666666666664	4607	22:13:00
532569	46.666666666666664	4607	22:13:00
592747	46.666666666666664	4607	22:13:00
602602	46.666666666666664	4607	22:13:00
614925	46.666666666666664	4607	22:13:00
622325	46.666666666666664	4607	22:13:00
10|6
453396	46.666666666666664	3546	10:12:00
587636	46.666666666666664	3546	10:12:00
591461	46.666666666666664	3546	10:12:00
596241	46.666666666666664	3546	10:12:00
612520	46.666666666666664	3546	10:12:00
616649	46.666666666666664	3546	10:12:00
11|6
533053	46.666666666666664	4665	22:26:00
2273	46.666666666666664	4670	19:46:00
117627	46.666666666666664	4670	19:47:00
436796	46.666666666666664	4670	19:48:00
613923	46.666666666666664	4670	19:52:00
359283	46.666666666666664	4670	19:56:00
12|6
275010	46.666666666666664	5070	00:06:00
46030	46.666666666666664	5070	00:17:00
29235	46.666666666666664	5070	00:19:00
498179	46.666666666666664	5070	00:19:00
556541	46.666666666666664	5070	00:19:00
558814	46.666666666666664	5172	14:59:00
13|6
546992	46.666666666666664	4980	00:39:00
567726	46.666666666666664	4980	00:39:00
583090	46.666666666666664	4980	00:39:00
587636	46.666666666666664	4980	00:39:00
616649	46.666666666666664	4980	00:39:00
617646	46.666666666666664	4980	00:39:00
14|6
543905	46.666666666666664	5387	10:21:00
572538	46.666666666666664	5387	10:21:00
28590	46.666666666666664	5391	05:24:00
268594	46.666666666666664	5392	14:37:00
308881	46.666666666666664	5392	14:37:00
334831	46.666666666666664	5392	14:37:00
15|6
281112	46.666666666666664	5712	16:08:00
309256	46.666666666666664	5721	07:15:00
496762	46.666666666666664	5731	09:54:00
614925	46.666666666666664	5735	06:47:00
165824	46.666666666666664	5743	07:40:00
367313	46.666666666666664	5771	08:08:00
16|6
550452	46.666666666666664	5135	20:54:00
56437	46.666666666666664	5137	21:16:00
13379	46.666666666666664	5141	20:35:00
39046	46.666666666666664	5141	20:53:00
405897	46.666666666666664	5156	16:44:00
267723	46.666666666666664	5189	10:04:00
17|6
25205	46.666666666666664	4934	13:12:00
103410	46.666666666666664	4935	22:39:00
624550	46.666666666666664	4935	22:44:00
338242	46.666666666666664	4935	22:48:00
25311	46.666666666666664	4935	22:57:00
47310	46.666666666666664	4935	22:58:00
18|6
359811	46.666666666666664	5886	09:59:00
576535	46.666666666666664	5886	09:59:00
260310	46.666666666666664	5950	23:02:00
49509	46.666666666666664	6161	18:54:00
206975	46.666666666666664	6161	18:54:00
252459	46.666666666666664	6161	19:52:00
19|6
539904	46.666666666666664	4896	12:27:00
548098	46.666666666666664	4896	12:27:00
592747	46.666666666666664	4896	12:27:00
600770	46.666666666666664	4896	12:27:00
608376	46.666666666666664	4896	12:27:00
622325	46.666666666666664	4896	12:27:00
20|6
489371	46.666666666666664	4025	13:01:00
517526	46.666666666666664	4025	13:01:00
538823	46.666666666666664	4025	13:01:00
540934	46.666666666666664	4025	13:01:00
600770	46.666666666666664	4025	13:01:00
607946	46.666666666666664	4025	13:01:00
21|6
116469	46.666666666666664	4477	20:08:00
33730	46.666666666666664	4477	20:11:00
100025	46.666666666666664	4477	20:11:00
95970	46.666666666666664	4477	20:15:00
267723	46.666666666666664	4477	20:15:00
449769	46.666666666666664	4477	20:15:00
22|6
559390	46.666666666666664	4394	19:58:00
152442	46.666666666666664	4394	20:53:00
182003	46.666666666666664	4394	20:53:00
225679	46.666666666666664	4394	20:53:00
41414	46.666666666666664	4394	21:00:00
106447	46.666666666666664	4423	15:53:00
23|6
540166	46.666666666666664	4736	06:24:00
389637	46.666666666666664	4739	03:02:00
44531	46.666666666666664	4797	05:16:00
130559	46.666666666666664	4800	03:17:00
173049	46.666666666666664	4801	01:57:00
48550	46.666666666666664	4892	02:30:00
24|6
459622	46.666666666666664	5029	13:41:00
112126	46.666666666666664	5038	14:19:00
614925	46.666666666666664	5074	10:24:00
489371	46.666666666666664	5092	13:59:00
85222	46.666666666666664	5121	08:19:00
181089	46.666666666666664	5121	09:07:00
25|6
563692	46.666666666666664	3652	23:16:00
582591	46.666666666666664	3652	23:16:00
600770	46.666666666666664	3652	23:16:00
607946	46.666666666666664	3652	23:16:00
274703	46.666666666666664	3652	23:17:00
362307	46.666666666666664	3652	23:19:00
26|6
614243	46.666666666666664	4315	19:25:00
617646	46.666666666666664	4315	19:25:00
622325	46.666666666666664	4315	19:25:00
55629	46.666666666666664	4315	19:32:00
363904	46.666666666666664	4315	19:32:00
373402	46.666666666666664	4315	19:32:00
27|6
169081	46.666666666666664	4637	07:48:00
386683	46.666666666666664	4637	07:48:00
224051	46.666666666666664	4703	06:34:00
436056	46.666666666666664	4800	15:25:00
473055	46.666666666666664	4902	17:21:00
26226	46.666666666666664	4902	17:29:00
28|6
75707	46.666666666666664	6028	02:29:00
397543	46.666666666666664	6028	02:29:00
298685	46.666666666666664	6028	02:32:00
75410	46.666666666666664	6028	02:34:00
567631	46.666666666666664	6028	02:34:00
578903	46.666666666666664	6028	02:39:00
29|6
184754	46.666666666666664	5518	03:54:00
556366	46.666666666666664	5518	03:54:00
238646	46.666666666666664	5518	03:56:00
7876	46.666666666666664	5518	03:57:00
302000	46.666666666666664	5518	03:57:00
569396	46.666666666666664	5619	19:41:00
30|6
267846	46.666666666666664	3630	21:31:00
467178	46.666666666666664	3630	21:31:00
444949	46.666666666666664	4709	13:03:00
489457	46.666666666666664	4709	13:14:00
529957	46.666666666666664	4709	13:16:00
552786	46.666666666666664	4709	13:24:00
31|6
123929	46.666666666666664	5344	20:38:00
98718	46.666666666666664	5352	09:05:00
195434	46.666666666666664	5353	23:27:00
588686	46.666666666666664	5353	23:35:00
604347	46.666666666666664	5370	16:36:00
17497	46.666666666666664	5414	18:31:00
32|6
358441	46.666666666666664	4308	18:24:00
440694	46.666666666666664	4308	18:24:00
577474	46.666666666666664	4308	18:24:00
266281	46.666666666666664	4308	18:25:00
371598	46.666666666666664	4308	18:25:00
564115	46.666666666666664	4308	18:25:00
33|6
75943	46.666666666666664	4063	08:45:00
355155	46.666666666666664	4063	08:53:00
564115	46.666666666666664	4063	08:54:00
364683	46.666666666666664	4063	09:01:00
437608	46.666666666666664	4063	09:01:00
603145	46.666666666666664	4063	09:01:00
34|6
1188	46.666666666666664	4384	15:40:00
4132	46.666666666666664	4384	15:40:00
30125	46.666666666666664	4384	15:40:00
36422	46.666666666666664	4384	15:40:00
421158	46.666666666666664	4384	15:40:00
482854	46.666666666666664	4384	15:40:00
35|6
529098	46.666666666666664	5494	14:35:00
559371	46.666666666666664	5494	15:48:00
237542	46.666666666666664	5494	15:50:00
549463	46.666666666666664	5494	15:50:00
381626	46.666666666666664	5494	16:17:00
407756	46.666666666666664	5494	16:17:00
36|6
571905	46.666666666666664	4001	20:14:00
198370	46.666666666666664	4002	16:25:00
347177	46.666666666666664	4002	16:37:00
27598	46.666666666666664	4002	16:55:00
551806	46.666666666666664	4002	16:56:00
193586	46.666666666666664	4002	17:29:00
37|6
169627	46.666666666666664	5122	13:00:00
130254	46.666666666666664	5122	13:04:00
141393	46.666666666666664	5122	13:04:00
469645	46.666666666666664	5122	14:08:00
84209	46.666666666666664	5122	15:39:00
280641	46.666666666666664	5122	15:46:00
38|6
504528	46.666666666666664	5397	07:55:00
517718	46.666666666666664	5397	07:55:00
532569	46.666666666666664	5397	07:55:00
614243	46.666666666666664	5397	07:55:00
614925	46.666666666666664	5397	07:55:00
622325	46.666666666666664	5397	07:55:00
39|6
614925	46.666666666666664	4316	22:00:00
34525	46.666666666666664	4316	22:31:00
540166	46.666666666666664	4316	22:31:00
327744	46.666666666666664	4316	22:34:00
9986	46.666666666666664	4316	22:38:00
536930	46.666666666666664	4316	22:38:00
40|6
328269	46.666666666666664	4596	07:29:00
195544	46.666666666666664	4596	07:32:00
186013	46.666666666666664	4596	07:35:00
213529	46.666666666666664	4596	07:35:00
257054	46.666666666666664	4596	07:35:00
509660	46.666666666666664	4596	07:40:00
41|6
498148	46.666666666666664	3878	14:36:00
113311	46.666666666666664	3883	01:17:00
571579	46.666666666666664	3972	15:05:00
199025	46.666666666666664	4303	21:08:00
375693	46.666666666666664	4303	21:08:00
591163	46.666666666666664	4303	21:08:00
42|6
134908	46.666666666666664	4596	13:45:00
303711	46.666666666666664	4597	08:56:00
3669	46.666666666666664	4597	09:58:00
458099	46.666666666666664	4598	08:21:00
82555	46.666666666666664	4598	10:13:00
248920	46.666666666666664	4598	10:13:00
43|6
309068	46.666666666666664	4635	00:15:00
328957	46.666666666666664	4635	00:15:00
376863	46.666666666666664	4635	00:15:00
60117	46.666666666666664	4635	00:20:00
409361	46.666666666666664	4635	00:20:00
581975	46.666666666666664	4641	08:55:00
