0|6
550452	48.23529411764706	5229	18:10:00
323933	48.23529411764706	5802	11:05:00
159248	48.23529411764706	5802	11:27:00
554099	48.23529411764706	5815	16:02:00
70896	48.23529411764706	5815	16:26:00
518385	48.23529411764706	5815	16:38:00
1|6
614243	48.23529411764706	5424	15:27:00
616649	48.23529411764706	5424	15:27:00
617646	48.23529411764706	5424	15:27:00
620594	48.23529411764706	5424	15:27:00
622325	48.23529411764706	5424	15:27:00
623778	48.23529411764706	5424	15:27:00
2|6
521716	48.23529411764706	4220	10:26:00
531386	48.23529411764706	4220	10:26:00
534002	48.23529411764706	4220	10:26:00
602548	48.23529411764706	4220	10:26:00
297989	48.23529411764706	5332	13:11:00
532569	48.23529411764706	5332	13:13:00
3|6
266898	48.23529411764706	3811	14:01:00
577089	48.23529411764706	3811	14:07:00
418340	48.23529411764706	3811	14:50:00
489371	48.23529411764706	4387	18:43:00
541471	48.23529411764706	4387	19:16:00
230010	48.23529411764706	4458	14:32:00
4|6
160409	48.23529411764706	4859	11:24:00
309265	48.23529411764706	4866	13:54:00
566574	48.23529411764706	4866	13:54:00
94767	48.23529411764706	4885	13:18:00
617491	48.23529411764706	4893	13:40:00
561044	48.23529411764706	4894	13:41:00
5|6
55372	48.23529411764706	5226	13:41:00
568050	48.23529411764706	5226	13:41:00
614805	48.23529411764706	5226	13:41:00
374622	48.23529411764706	5226	13:42:00
390355	48.23529411764706	5226	13:42:00
600781	48.23529411764706	5226	13:42:00
6|6
34428	48.23529411764706	5092	15:36:00
370386	48.23529411764706	5092	15:36:00
614925	48.23529411764706	5092	15:37:00
248723	48.23529411764706	5092	15:40:00
252962	48.23529411764706	5092	15:40:00
504528	48.23529411764706	5092	15:40:00
7|6
591369	48.23529411764706	6033	19:54:00
28621	48.23529411764706	6033	19:55:00
40189	48.23529411764706	6033	19:55:00
434891	48.23529411764706	6033	19:55:00
80657	48.23529411764706	6033	19:57:00
532790	48.23529411764706	6033	20:00:00
8|6
532569	48.23529411764706	4998	14:28:00
558154	48.23529411764706	4998	14:28:00
569179	48.23529411764706	4998	14:28:00
574204	48.23529411764706	4998	14:28:00
622325	48.23529411764706	4998	14:28:00
213829	48.23529411764706	4998	14:50:00
9|6
531386	48.23529411764706	4607	22:13:00
532569	48.23529411764706	4607	22:13:00
592747	48.23529411764706	4607	22:13:00
602602	48.23529411764706	4607	22:13:00
614925	48.23529411764706	4607	22:13:00
622325	48.23529411764706	4607	22:13:00
10|6
453396	48.23529411764706	3546	10:12:00
587636	48.23529411764706	3546	10:12:00
591461	48.23529411764706	3546	10:12:00
596241	48.23529411764706	3546	10:12:00
612520	48.23529411764706	3546	10:12:00
616649	48.23529411764706	3546	10:12:00
11|6
533053	48.23529411764706	4665	22:26:00
2273	48.23529411764706	4670	19:46:00
117627	48.23529411764706	4670	19:47:00
436796	48.23529411764706	4670	19:48:00
613923	48.23529411764706	4670	19:52:00
359283	48.23529411764706	4670	19:56:00
12|6
275010	48.23529411764706	5070	00:06:00
46030	48.23529411764706	5070	00:17:00
29235	48.23529411764706	5070	00:19:00
498179	48.23529411764706	5070	00:19:00
556541	48.23529411764706	5070	00:19:00
558814	48.23529411764706	5172	14:59:00
13|6
546992	48.23529411764706	4980	00:39:00
567726	48.23529411764706	4980	00:39:00
583090	48.23529411764706	4980	00:39:00
587636	48.23529411764706	4980	00:39:00
616649	48.23529411764706	4980	00:39:00
617646	48.23529411764706	4980	00:39:00
14|6
543905	48.23529411764706	5387	10:21:00
572538	48.23529411764706	5387	10:21:00
28590	48.23529411764706	5391	05:24:00
268594	48.23529411764706	5392	14:37:00
308881	48.23529411764706	5392	14:37:00
334831	48.23529411764706	5392	14:37:00
15|6
281112	48.23529411764706	5712	16:08:00
309256	48.23529411764706	5721	07:15:00
496762	48.23529411764706	5731	09:54:00
614925	48.23529411764706	5735	06:47:00
165824	48.23529411764706	5743	07:40:00
367313	48.23529411764706	5771	08:08:00
16|6
550452	48.23529411764706	5135	20:54:00
56437	48.23529411764706	5137	21:16:00
13379	48.23529411764706	5141	20:35:00
39046	48.23529411764706	5141	20:53:00
405897	48.23529411764706	5156	16:44:00
267723	48.23529411764706	5189	10:04:00
17|6
25205	48.23529411764706	4934	13:12:00
103410	48.23529411764706	4935	22:39:00
624550	48.23529411764706	4935	22:44:00
338242	48.23529411764706	4935	22:48:00
25311	48.23529411764706	4935	22:57:00
47310	48.23529411764706	4935	22:58:00
18|6
359811	48.23529411764706	5886	09:59:00
576535	48.23529411764706	5886	09:59:00
260310	48.23529411764706	5950	23:02:00
49509	48.23529411764706	6161	18:54:00
206975	48.23529411764706	6161	18:54:00
252459	48.23529411764706	6161	19:52:00
19|6
539904	48.23529411764706	4896	12:27:00
548098	48.23529411764706	4896	12:27:00
592747	48.23529411764706	4896	12:27:00
600770	48.23529411764706	4896	12:27:00
608376	48.23529411764706	4896	12:27:00
622325	48.23529411764706	4896	12:27:00
20|6
489371	48.23529411764706	4025	13:01:00
517526	48.23529411764706	4025	13:01:00
538823	48.23529411764706	4025	13:01:00
540934	48.23529411764706	4025	13:01:00
600770	48.23529411764706	4025	13:01:00
607946	48.23529411764706	4025	13:01:00
21|6
116469	48.23529411764706	4477	20:08:00
33730	48.23529411764706	4477	20:11:00
100025	48.23529411764706	4477	20:11:00
95970	48.23529411764706	4477	20:15:00
267723	48.23529411764706	4477	20:15:00
449769	48.23529411764706	4477	20:15:00
22|6
559390	48.23529411764706	4394	19:58:00
152442	48.23529411764706	4394	20:53:00
182003	48.23529411764706	4394	20:53:00
225679	48.23529411764706	4394	20:53:00
41414	48.23529411764706	4394	21:00:00
106447	48.23529411764706	4423	15:53:00
23|6
540166	48.23529411764706	4736	06:24:00
389637	48.23529411764706	4739	03:02:00
44531	48.23529411764706	4797	05:16:00
130559	48.23529411764706	4800	03:17:00
173049	48.23529411764706	4801	01:57:00
48550	48.23529411764706	4892	02:30:00
24|6
459622	48.23529411764706	5029	13:41:00
112126	48.23529411764706	5038	14:19:00
614925	48.23529411764706	5074	10:24:00
489371	48.23529411764706	5092	13:59:00
85222	48.23529411764706	5121	08:19:00
181089	48.23529411764706	5121	09:07:00
25|6
563692	48.23529411764706	3652	23:16:00
582591	48.23529411764706	3652	23:16:00
600770	48.23529411764706	3652	23:16:00
607946	48.23529411764706	3652	23:16:00
274703	48.23529411764706	3652	23:17:00
362307	48.23529411764706	3652	23:19:00
26|6
614243	48.23529411764706	4315	19:25:00
617646	48.23529411764706	4315	19:25:00
622325	48.23529411764706	4315	19:25:00
55629	48.23529411764706	4315	19:32:00
363904	48.23529411764706	4315	19:32:00
373402	48.23529411764706	4315	19:32:00
27|6
169081	48.23529411764706	4637	07:48:00
386683	48.23529411764706	4637	07:48:00
224051	48.23529411764706	4703	06:34:00
436056	48.23529411764706	4800	15:25:00
473055	48.23529411764706	4902	17:21:00
26226	48.23529411764706	4902	17:29:00
28|6
75707	48.23529411764706	6028	02:29:00
397543	48.23529411764706	6028	02:29:00
298685	48.23529411764706	6028	02:32:00
75410	48.23529411764706	6028	02:34:00
567631	48.23529411764706	6028	02:34:00
578903	48.23529411764706	6028	02:39:00
29|6
184754	48.23529411764706	5518	03:54:00
556366	48.23529411764706	5518	03:54:00
238646	48.23529411764706	5518	03:56:00
7876	48.23529411764706	5518	03:57:00
302000	48.23529411764706	5518	03:57:00
569396	48.23529411764706	5619	19:41:00
30|6
267846	48.23529411764706	3630	21:31:00
467178	48.23529411764706	3630	21:31:00
444949	48.23529411764706	4709	13:03:00
489457	48.23529411764706	4709	13:14:00
529957	48.23529411764706	4709	13:16:00
552786	48.23529411764706	4709	13:24:00
31|6
123929	48.23529411764706	5344	20:38:00
98718	48.23529411764706	5352	09:05:00
195434	48.23529411764706	5353	23:27:00
588686	48.23529411764706	5353	23:35:00
604347	48.23529411764706	5370	16:36:00
17497	48.23529411764706	5414	18:31:00
32|6
358441	48.23529411764706	4308	18:24:00
440694	48.23529411764706	4308	18:24:00
577474	48.23529411764706	4308	18:24:00
266281	48.23529411764706	4308	18:25:00
371598	48.23529411764706	4308	18:25:00
564115	48.23529411764706	4308	18:25:00
33|6
75943	48.23529411764706	4063	08:45:00
355155	48.23529411764706	4063	08:53:00
564115	48.23529411764706	4063	08:54:00
364683	48.23529411764706	4063	09:01:00
437608	48.23529411764706	4063	09:01:00
603145	48.23529411764706	4063	09:01:00
34|6
1188	48.23529411764706	4384	15:40:00
4132	48.23529411764706	4384	15:40:00
30125	48.23529411764706	4384	15:40:00
36422	48.23529411764706	4384	15:40:00
421158	48.23529411764706	4384	15:40:00
482854	48.23529411764706	4384	15:40:00
35|6
529098	48.23529411764706	5494	14:35:00
559371	48.23529411764706	5494	15:48:00
237542	48.23529411764706	5494	15:50:00
549463	48.23529411764706	5494	15:50:00
381626	48.23529411764706	5494	16:17:00
407756	48.23529411764706	5494	16:17:00
36|6
571905	48.23529411764706	4001	20:14:00
198370	48.23529411764706	4002	16:25:00
347177	48.23529411764706	4002	16:37:00
27598	48.23529411764706	4002	16:55:00
551806	48.23529411764706	4002	16:56:00
193586	48.23529411764706	4002	17:29:00
37|6
169627	48.23529411764706	5122	13:00:00
130254	48.23529411764706	5122	13:04:00
141393	48.23529411764706	5122	13:04:00
469645	48.23529411764706	5122	14:08:00
84209	48.23529411764706	5122	15:39:00
280641	48.23529411764706	5122	15:46:00
38|6
504528	48.23529411764706	5397	07:55:00
517718	48.23529411764706	5397	07:55:00
532569	48.23529411764706	5397	07:55:00
614243	48.23529411764706	5397	07:55:00
614925	48.23529411764706	5397	07:55:00
622325	48.23529411764706	5397	07:55:00
39|6
614925	48.23529411764706	4316	22:00:00
34525	48.23529411764706	4316	22:31:00
540166	48.23529411764706	4316	22:31:00
327744	48.23529411764706	4316	22:34:00
9986	48.23529411764706	4316	22:38:00
536930	48.23529411764706	4316	22:38:00
40|6
328269	48.23529411764706	4596	07:29:00
195544	48.23529411764706	4596	07:32:00
186013	48.23529411764706	4596	07:35:00
213529	48.23529411764706	4596	07:35:00
257054	48.23529411764706	4596	07:35:00
509660	48.23529411764706	4596	07:40:00
41|6
498148	48.23529411764706	3878	14:36:00
113311	48.23529411764706	3883	01:17:00
571579	48.23529411764706	3972	15:05:00
199025	48.23529411764706	4303	21:08:00
375693	48.23529411764706	4303	21:08:00
591163	48.23529411764706	4303	21:08:00
42|6
134908	48.23529411764706	4596	13:45:00
303711	48.23529411764706	4597	08:56:00
3669	48.23529411764706	4597	09:58:00
458099	48.23529411764706	4598	08:21:00
82555	48.23529411764706	4598	10:13:00
248920	48.23529411764706	4598	10:13:00
43|6
309068	48.23529411764706	4635	00:15:00
328957	48.23529411764706	4635	00:15:00
376863	48.23529411764706	4635	00:15:00
60117	48.23529411764706	4635	00:20:00
409361	48.23529411764706	4635	00:20:00
581975	48.23529411764706	4641	08:55:00
