0|6
550452	49.80392156862745	5229	18:10:00
323933	49.80392156862745	5802	11:05:00
159248	49.80392156862745	5802	11:27:00
554099	49.80392156862745	5815	16:02:00
70896	49.80392156862745	5815	16:26:00
518385	49.80392156862745	5815	16:38:00
1|6
614243	49.80392156862745	5424	15:27:00
616649	49.80392156862745	5424	15:27:00
617646	49.80392156862745	5424	15:27:00
620594	49.80392156862745	5424	15:27:00
622325	49.80392156862745	5424	15:27:00
623778	49.80392156862745	5424	15:27:00
2|6
521716	49.80392156862745	4220	10:26:00
531386	49.80392156862745	4220	10:26:00
534002	49.80392156862745	4220	10:26:00
602548	49.80392156862745	4220	10:26:00
297989	49.80392156862745	5332	13:11:00
532569	49.80392156862745	5332	13:13:00
3|6
266898	49.80392156862745	3811	14:01:00
577089	49.80392156862745	3811	14:07:00
418340	49.80392156862745	3811	14:50:00
489371	49.80392156862745	4387	18:43:00
541471	49.80392156862745	4387	19:16:00
230010	49.80392156862745	4458	14:32:00
4|6
160409	49.80392156862745	4859	11:24:00
309265	49.80392156862745	4866	13:54:00
566574	49.80392156862745	4866	13:54:00
94767	49.80392156862745	4885	13:18:00
617491	49.80392156862745	4893	13:40:00
561044	49.80392156862745	4894	13:41:00
5|6
55372	49.80392156862745	5226	13:41:00
568050	49.80392156862745	5226	13:41:00
614805	49.80392156862745	5226	13:41:00
374622	49.80392156862745	5226	13:42:00
390355	49.80392156862745	5226	13:42:00
600781	49.80392156862745	5226	13:42:00
6|6
34428	49.80392156862745	5092	15:36:00
370386	49.80392156862745	5092	15:36:00
614925	49.80392156862745	5092	15:37:00
248723	49.80392156862745	5092	15:40:00
252962	49.80392156862745	5092	15:40:00
504528	49.80392156862745	5092	15:40:00
7|6
591369	49.80392156862745	6033	19:54:00
28621	49.80392156862745	6033	19:55:00
40189	49.80392156862745	6033	19:55:00
434891	49.80392156862745	6033	19:55:00
80657	49.80392156862745	6033	19:57:00
532790	49.80392156862745	6033	20:00:00
8|6
532569	49.80392156862745	4998	14:28:00
558154	49.80392156862745	4998	14:28:00
569179	49.80392156862745	4998	14:28:00
574204	49.80392156862745	4998	14:28:00
622325	49.80392156862745	4998	14:28:00
213829	49.80392156862745	4998	14:50:00
9|6
531386	49.80392156862745	4607	22:13:00
532569	49.80392156862745	4607	22:13:00
592747	49.80392156862745	4607	22:13:00
602602	49.80392156862745	4607	22:13:00
614925	49.80392156862745	4607	22:13:00
622325	49.80392156862745	4607	22:13:00
10|6
453396	49.80392156862745	3546	10:12:00
587636	49.80392156862745	3546	10:12:00
591461	49.80392156862745	3546	10:12:00
596241	49.80392156862745	3546	10:12:00
612520	49.80392156862745	3546	10:12:00
616649	49.80392156862745	3546	10:12:00
11|6
533053	49.80392156862745	4665	22:26:00
2273	49.80392156862745	4670	19:46:00
117627	49.80392156862745	4670	19:47:00
436796	49.80392156862745	4670	19:48:00
613923	49.80392156862745	4670	19:52:00
359283	49.80392156862745	4670	19:56:00
12|6
275010	49.80392156862745	5070	00:06:00
46030	49.80392156862745	5070	00:17:00
29235	49.80392156862745	5070	00:19:00
498179	49.80392156862745	5070	00:19:00
556541	49.80392156862745	5070	00:19:00
558814	49.80392156862745	5172	14:59:00
13|6
546992	49.80392156862745	4980	00:39:00
567726	49.80392156862745	4980	00:39:00
583090	49.80392156862745	4980	00:39:00
587636	49.80392156862745	4980	00:39:00
616649	49.80392156862745	4980	00:39:00
617646	49.80392156862745	4980	00:39:00
14|6
543905	49.80392156862745	5387	10:21:00
572538	49.80392156862745	5387	10:21:00
28590	49.80392156862745	5391	05:24:00
268594	49.80392156862745	5392	14:37:00
308881	49.80392156862745	5392	14:37:00
334831	49.80392156862745	5392	14:37:00
15|6
281112	49.80392156862745	5712	16:08:00
309256	49.80392156862745	5721	07:15:00
496762	49.80392156862745	5731	09:54:00
614925	49.80392156862745	5735	06:47:00
165824	49.80392156862745	5743	07:40:00
367313	49.80392156862745	5771	08:08:00
16|6
550452	49.80392156862745	5135	20:54:00
56437	49.80392156862745	5137	21:16:00
13379	49.80392156862745	5141	20:35:00
39046	49.80392156862745	5141	20:53:00
405897	49.80392156862745	5156	16:44:00
267723	49.80392156862745	5189	10:04:00
17|6
25205	49.80392156862745	4934	13:12:00
103410	49.80392156862745	4935	22:39:00
624550	49.80392156862745	4935	22:44:00
338242	49.80392156862745	4935	22:48:00
25311	49.80392156862745	4935	22:57:00
47310	49.80392156862745	4935	22:58:00
18|6
359811	49.80392156862745	5886	09:59:00
576535	49.80392156862745	5886	09:59:00
260310	49.80392156862745	5950	23:02:00
49509	49.80392156862745	6161	18:54:00
206975	49.80392156862745	6161	18:54:00
252459	49.80392156862745	6161	19:52:00
19|6
539904	49.80392156862745	4896	12:27:00
548098	49.80392156862745	4896	12:27:00
592747	49.80392156862745	4896	12:27:00
600770	49.80392156862745	4896	12:27:00
608376	49.80392156862745	4896	12:27:00
622325	49.80392156862745	4896	12:27:00
20|6
489371	49.80392156862745	4025	13:01:00
517526	49.80392156862745	4025	13:01:00
538823	49.80392156862745	4025	13:01:00
540934	49.80392156862745	4025	13:01:00
600770	49.80392156862745	4025	13:01:00
607946	49.80392156862745	4025	13:01:00
21|6
116469	49.80392156862745	4477	20:08:00
33730	49.80392156862745	4477	20:11:00
100025	49.80392156862745	4477	20:11:00
95970	49.80392156862745	4477	20:15:00
267723	49.80392156862745	4477	20:15:00
449769	49.80392156862745	4477	20:15:00
22|6
559390	49.80392156862745	4394	19:58:00
152442	49.80392156862745	4394	20:53:00
182003	49.80392156862745	4394	20:53:00
225679	49.80392156862745	4394	20:53:00
41414	49.80392156862745	4394	21:00:00
106447	49.80392156862745	4423	15:53:00
23|6
540166	49.80392156862745	4736	06:24:00
389637	49.80392156862745	4739	03:02:00
44531	49.80392156862745	4797	05:16:00
130559	49.80392156862745	4800	03:17:00
173049	49.80392156862745	4801	01:57:00
48550	49.80392156862745	4892	02:30:00
24|6
459622	49.80392156862745	5029	13:41:00
112126	49.80392156862745	5038	14:19:00
614925	49.80392156862745	5074	10:24:00
489371	49.80392156862745	5092	13:59:00
85222	49.80392156862745	5121	08:19:00
181089	49.80392156862745	5121	09:07:00
25|6
563692	49.80392156862745	3652	23:16:00
582591	49.80392156862745	3652	23:16:00
600770	49.80392156862745	3652	23:16:00
607946	49.80392156862745	3652	23:16:00
274703	49.80392156862745	3652	23:17:00
362307	49.80392156862745	3652	23:19:00
26|6
614243	49.80392156862745	4315	19:25:00
617646	49.80392156862745	4315	19:25:00
622325	49.80392156862745	4315	19:25:00
55629	49.80392156862745	4315	19:32:00
363904	49.80392156862745	4315	19:32:00
373402	49.80392156862745	4315	19:32:00
27|6
169081	49.80392156862745	4637	07:48:00
386683	49.80392156862745	4637	07:48:00
224051	49.80392156862745	4703	06:34:00
436056	49.80392156862745	4800	15:25:00
473055	49.80392156862745	4902	17:21:00
26226	49.80392156862745	4902	17:29:00
28|6
75707	49.80392156862745	6028	02:29:00
397543	49.80392156862745	6028	02:29:00
298685	49.80392156862745	6028	02:32:00
75410	49.80392156862745	6028	02:34:00
567631	49.80392156862745	6028	02:34:00
578903	49.80392156862745	6028	02:39:00
29|6
184754	49.80392156862745	5518	03:54:00
556366	49.80392156862745	5518	03:54:00
238646	49.80392156862745	5518	03:56:00
7876	49.80392156862745	5518	03:57:00
302000	49.80392156862745	5518	03:57:00
569396	49.80392156862745	5619	19:41:00
30|6
267846	49.80392156862745	3630	21:31:00
467178	49.80392156862745	3630	21:31:00
444949	49.80392156862745	4709	13:03:00
489457	49.80392156862745	4709	13:14:00
529957	49.80392156862745	4709	13:16:00
552786	49.80392156862745	4709	13:24:00
31|6
123929	49.80392156862745	5344	20:38:00
98718	49.80392156862745	5352	09:05:00
195434	49.80392156862745	5353	23:27:00
588686	49.80392156862745	5353	23:35:00
604347	49.80392156862745	5370	16:36:00
17497	49.80392156862745	5414	18:31:00
32|6
358441	49.80392156862745	4308	18:24:00
440694	49.80392156862745	4308	18:24:00
577474	49.80392156862745	4308	18:24:00
266281	49.80392156862745	4308	18:25:00
371598	49.80392156862745	4308	18:25:00
564115	49.80392156862745	4308	18:25:00
33|6
75943	49.80392156862745	4063	08:45:00
355155	49.80392156862745	4063	08:53:00
564115	49.80392156862745	4063	08:54:00
364683	49.80392156862745	4063	09:01:00
437608	49.80392156862745	4063	09:01:00
603145	49.80392156862745	4063	09:01:00
34|6
1188	49.80392156862745	4384	15:40:00
4132	49.80392156862745	4384	15:40:00
30125	49.80392156862745	4384	15:40:00
36422	49.80392156862745	4384	15:40:00
421158	49.80392156862745	4384	15:40:00
482854	49.80392156862745	4384	15:40:00
35|6
529098	49.80392156862745	5494	14:35:00
559371	49.80392156862745	5494	15:48:00
237542	49.80392156862745	5494	15:50:00
549463	49.80392156862745	5494	15:50:00
381626	49.80392156862745	5494	16:17:00
407756	49.80392156862745	5494	16:17:00
36|6
571905	49.80392156862745	4001	20:14:00
198370	49.80392156862745	4002	16:25:00
347177	49.80392156862745	4002	16:37:00
27598	49.80392156862745	4002	16:55:00
551806	49.80392156862745	4002	16:56:00
193586	49.80392156862745	4002	17:29:00
37|6
169627	49.80392156862745	5122	13:00:00
130254	49.80392156862745	5122	13:04:00
141393	49.80392156862745	5122	13:04:00
469645	49.80392156862745	5122	14:08:00
84209	49.80392156862745	5122	15:39:00
280641	49.80392156862745	5122	15:46:00
38|6
504528	49.80392156862745	5397	07:55:00
517718	49.80392156862745	5397	07:55:00
532569	49.80392156862745	5397	07:55:00
614243	49.80392156862745	5397	07:55:00
614925	49.80392156862745	5397	07:55:00
622325	49.80392156862745	5397	07:55:00
39|6
614925	49.80392156862745	4316	22:00:00
34525	49.80392156862745	4316	22:31:00
540166	49.80392156862745	4316	22:31:00
327744	49.80392156862745	4316	22:34:00
9986	49.80392156862745	4316	22:38:00
536930	49.80392156862745	4316	22:38:00
40|6
328269	49.80392156862745	4596	07:29:00
195544	49.80392156862745	4596	07:32:00
186013	49.80392156862745	4596	07:35:00
213529	49.80392156862745	4596	07:35:00
257054	49.80392156862745	4596	07:35:00
509660	49.80392156862745	4596	07:40:00
41|6
498148	49.80392156862745	3878	14:36:00
113311	49.80392156862745	3883	01:17:00
571579	49.80392156862745	3972	15:05:00
199025	49.80392156862745	4303	21:08:00
375693	49.80392156862745	4303	21:08:00
591163	49.80392156862745	4303	21:08:00
42|6
134908	49.80392156862745	4596	13:45:00
303711	49.80392156862745	4597	08:56:00
3669	49.80392156862745	4597	09:58:00
458099	49.80392156862745	4598	08:21:00
82555	49.80392156862745	4598	10:13:00
248920	49.80392156862745	4598	10:13:00
43|6
309068	49.80392156862745	4635	00:15:00
328957	49.80392156862745	4635	00:15:00
376863	49.80392156862745	4635	00:15:00
60117	49.80392156862745	4635	00:20:00
409361	49.80392156862745	4635	00:20:00
581975	49.80392156862745	4641	08:55:00
