0|6
550452	50.98039215686274	5229	18:10:00
323933	50.98039215686274	5802	11:05:00
159248	50.98039215686274	5802	11:27:00
554099	50.98039215686274	5815	16:02:00
70896	50.98039215686274	5815	16:26:00
518385	50.98039215686274	5815	16:38:00
1|6
614243	50.98039215686274	5424	15:27:00
616649	50.98039215686274	5424	15:27:00
617646	50.98039215686274	5424	15:27:00
620594	50.98039215686274	5424	15:27:00
622325	50.98039215686274	5424	15:27:00
623778	50.98039215686274	5424	15:27:00
2|6
521716	50.98039215686274	4220	10:26:00
531386	50.98039215686274	4220	10:26:00
534002	50.98039215686274	4220	10:26:00
602548	50.98039215686274	4220	10:26:00
297989	50.98039215686274	5332	13:11:00
532569	50.98039215686274	5332	13:13:00
3|6
266898	50.98039215686274	3811	14:01:00
577089	50.98039215686274	3811	14:07:00
418340	50.98039215686274	3811	14:50:00
489371	50.98039215686274	4387	18:43:00
541471	50.98039215686274	4387	19:16:00
230010	50.98039215686274	4458	14:32:00
4|6
160409	50.98039215686274	4859	11:24:00
309265	50.98039215686274	4866	13:54:00
566574	50.98039215686274	4866	13:54:00
94767	50.98039215686274	4885	13:18:00
617491	50.98039215686274	4893	13:40:00
561044	50.98039215686274	4894	13:41:00
5|6
55372	50.98039215686274	5226	13:41:00
568050	50.98039215686274	5226	13:41:00
614805	50.98039215686274	5226	13:41:00
374622	50.98039215686274	5226	13:42:00
390355	50.98039215686274	5226	13:42:00
600781	50.98039215686274	5226	13:42:00
6|6
34428	50.98039215686274	5092	15:36:00
370386	50.98039215686274	5092	15:36:00
614925	50.98039215686274	5092	15:37:00
248723	50.98039215686274	5092	15:40:00
252962	50.98039215686274	5092	15:40:00
504528	50.98039215686274	5092	15:40:00
7|6
591369	50.98039215686274	6033	19:54:00
28621	50.98039215686274	6033	19:55:00
40189	50.98039215686274	6033	19:55:00
434891	50.98039215686274	6033	19:55:00
80657	50.98039215686274	6033	19:57:00
532790	50.98039215686274	6033	20:00:00
8|6
532569	50.98039215686274	4998	14:28:00
558154	50.98039215686274	4998	14:28:00
569179	50.98039215686274	4998	14:28:00
574204	50.98039215686274	4998	14:28:00
622325	50.98039215686274	4998	14:28:00
213829	50.98039215686274	4998	14:50:00
9|6
531386	50.98039215686274	4607	22:13:00
532569	50.98039215686274	4607	22:13:00
592747	50.98039215686274	4607	22:13:00
602602	50.98039215686274	4607	22:13:00
614925	50.98039215686274	4607	22:13:00
622325	50.98039215686274	4607	22:13:00
10|6
453396	50.98039215686274	3546	10:12:00
587636	50.98039215686274	3546	10:12:00
591461	50.98039215686274	3546	10:12:00
596241	50.98039215686274	3546	10:12:00
612520	50.98039215686274	3546	10:12:00
616649	50.98039215686274	3546	10:12:00
11|6
533053	50.98039215686274	4665	22:26:00
2273	50.98039215686274	4670	19:46:00
117627	50.98039215686274	4670	19:47:00
436796	50.98039215686274	4670	19:48:00
613923	50.98039215686274	4670	19:52:00
359283	50.98039215686274	4670	19:56:00
12|6
275010	50.98039215686274	5070	00:06:00
46030	50.98039215686274	5070	00:17:00
29235	50.98039215686274	5070	00:19:00
498179	50.98039215686274	5070	00:19:00
556541	50.98039215686274	5070	00:19:00
558814	50.98039215686274	5172	14:59:00
13|6
546992	50.98039215686274	4980	00:39:00
567726	50.98039215686274	4980	00:39:00
583090	50.98039215686274	4980	00:39:00
587636	50.98039215686274	4980	00:39:00
616649	50.98039215686274	4980	00:39:00
617646	50.98039215686274	4980	00:39:00
14|6
543905	50.98039215686274	5387	10:21:00
572538	50.98039215686274	5387	10:21:00
28590	50.98039215686274	5391	05:24:00
268594	50.98039215686274	5392	14:37:00
308881	50.98039215686274	5392	14:37:00
334831	50.98039215686274	5392	14:37:00
15|6
281112	50.98039215686274	5712	16:08:00
309256	50.98039215686274	5721	07:15:00
496762	50.98039215686274	5731	09:54:00
614925	50.98039215686274	5735	06:47:00
165824	50.98039215686274	5743	07:40:00
367313	50.98039215686274	5771	08:08:00
16|6
550452	50.98039215686274	5135	20:54:00
56437	50.98039215686274	5137	21:16:00
13379	50.98039215686274	5141	20:35:00
39046	50.98039215686274	5141	20:53:00
405897	50.98039215686274	5156	16:44:00
267723	50.98039215686274	5189	10:04:00
17|6
25205	50.98039215686274	4934	13:12:00
103410	50.98039215686274	4935	22:39:00
624550	50.98039215686274	4935	22:44:00
338242	50.98039215686274	4935	22:48:00
25311	50.98039215686274	4935	22:57:00
47310	50.98039215686274	4935	22:58:00
18|6
359811	50.98039215686274	5886	09:59:00
576535	50.98039215686274	5886	09:59:00
260310	50.98039215686274	5950	23:02:00
49509	50.98039215686274	6161	18:54:00
206975	50.98039215686274	6161	18:54:00
252459	50.98039215686274	6161	19:52:00
19|6
539904	50.98039215686274	4896	12:27:00
548098	50.98039215686274	4896	12:27:00
592747	50.98039215686274	4896	12:27:00
600770	50.98039215686274	4896	12:27:00
608376	50.98039215686274	4896	12:27:00
622325	50.98039215686274	4896	12:27:00
20|6
489371	50.98039215686274	4025	13:01:00
517526	50.98039215686274	4025	13:01:00
538823	50.98039215686274	4025	13:01:00
540934	50.98039215686274	4025	13:01:00
600770	50.98039215686274	4025	13:01:00
607946	50.98039215686274	4025	13:01:00
21|6
116469	50.98039215686274	4477	20:08:00
33730	50.98039215686274	4477	20:11:00
100025	50.98039215686274	4477	20:11:00
95970	50.98039215686274	4477	20:15:00
267723	50.98039215686274	4477	20:15:00
449769	50.98039215686274	4477	20:15:00
22|6
559390	50.98039215686274	4394	19:58:00
152442	50.98039215686274	4394	20:53:00
182003	50.98039215686274	4394	20:53:00
225679	50.98039215686274	4394	20:53:00
41414	50.98039215686274	4394	21:00:00
106447	50.98039215686274	4423	15:53:00
23|6
540166	50.98039215686274	4736	06:24:00
389637	50.98039215686274	4739	03:02:00
44531	50.98039215686274	4797	05:16:00
130559	50.98039215686274	4800	03:17:00
173049	50.98039215686274	4801	01:57:00
48550	50.98039215686274	4892	02:30:00
24|6
459622	50.98039215686274	5029	13:41:00
112126	50.98039215686274	5038	14:19:00
614925	50.98039215686274	5074	10:24:00
489371	50.98039215686274	5092	13:59:00
85222	50.98039215686274	5121	08:19:00
181089	50.98039215686274	5121	09:07:00
25|6
563692	50.98039215686274	3652	23:16:00
582591	50.98039215686274	3652	23:16:00
600770	50.98039215686274	3652	23:16:00
607946	50.98039215686274	3652	23:16:00
274703	50.98039215686274	3652	23:17:00
362307	50.98039215686274	3652	23:19:00
26|6
614243	50.98039215686274	4315	19:25:00
617646	50.98039215686274	4315	19:25:00
622325	50.98039215686274	4315	19:25:00
55629	50.98039215686274	4315	19:32:00
363904	50.98039215686274	4315	19:32:00
373402	50.98039215686274	4315	19:32:00
27|6
169081	50.98039215686274	4637	07:48:00
386683	50.98039215686274	4637	07:48:00
224051	50.98039215686274	4703	06:34:00
436056	50.98039215686274	4800	15:25:00
473055	50.98039215686274	4902	17:21:00
26226	50.98039215686274	4902	17:29:00
28|6
75707	50.98039215686274	6028	02:29:00
397543	50.98039215686274	6028	02:29:00
298685	50.98039215686274	6028	02:32:00
75410	50.98039215686274	6028	02:34:00
567631	50.98039215686274	6028	02:34:00
578903	50.98039215686274	6028	02:39:00
29|6
184754	50.98039215686274	5518	03:54:00
556366	50.98039215686274	5518	03:54:00
238646	50.98039215686274	5518	03:56:00
7876	50.98039215686274	5518	03:57:00
302000	50.98039215686274	5518	03:57:00
569396	50.98039215686274	5619	19:41:00
30|6
267846	50.98039215686274	3630	21:31:00
467178	50.98039215686274	3630	21:31:00
444949	50.98039215686274	4709	13:03:00
489457	50.98039215686274	4709	13:14:00
529957	50.98039215686274	4709	13:16:00
552786	50.98039215686274	4709	13:24:00
31|6
123929	50.98039215686274	5344	20:38:00
98718	50.98039215686274	5352	09:05:00
195434	50.98039215686274	5353	23:27:00
588686	50.98039215686274	5353	23:35:00
604347	50.98039215686274	5370	16:36:00
17497	50.98039215686274	5414	18:31:00
32|6
358441	50.98039215686274	4308	18:24:00
440694	50.98039215686274	4308	18:24:00
577474	50.98039215686274	4308	18:24:00
266281	50.98039215686274	4308	18:25:00
371598	50.98039215686274	4308	18:25:00
564115	50.98039215686274	4308	18:25:00
33|6
75943	50.98039215686274	4063	08:45:00
355155	50.98039215686274	4063	08:53:00
564115	50.98039215686274	4063	08:54:00
364683	50.98039215686274	4063	09:01:00
437608	50.98039215686274	4063	09:01:00
603145	50.98039215686274	4063	09:01:00
34|6
1188	50.98039215686274	4384	15:40:00
4132	50.98039215686274	4384	15:40:00
30125	50.98039215686274	4384	15:40:00
36422	50.98039215686274	4384	15:40:00
421158	50.98039215686274	4384	15:40:00
482854	50.98039215686274	4384	15:40:00
35|6
529098	50.98039215686274	5494	14:35:00
559371	50.98039215686274	5494	15:48:00
237542	50.98039215686274	5494	15:50:00
549463	50.98039215686274	5494	15:50:00
381626	50.98039215686274	5494	16:17:00
407756	50.98039215686274	5494	16:17:00
36|6
571905	50.98039215686274	4001	20:14:00
198370	50.98039215686274	4002	16:25:00
347177	50.98039215686274	4002	16:37:00
27598	50.98039215686274	4002	16:55:00
551806	50.98039215686274	4002	16:56:00
193586	50.98039215686274	4002	17:29:00
37|6
169627	50.98039215686274	5122	13:00:00
130254	50.98039215686274	5122	13:04:00
141393	50.98039215686274	5122	13:04:00
469645	50.98039215686274	5122	14:08:00
84209	50.98039215686274	5122	15:39:00
280641	50.98039215686274	5122	15:46:00
38|6
504528	50.98039215686274	5397	07:55:00
517718	50.98039215686274	5397	07:55:00
532569	50.98039215686274	5397	07:55:00
614243	50.98039215686274	5397	07:55:00
614925	50.98039215686274	5397	07:55:00
622325	50.98039215686274	5397	07:55:00
39|6
614925	50.98039215686274	4316	22:00:00
34525	50.98039215686274	4316	22:31:00
540166	50.98039215686274	4316	22:31:00
327744	50.98039215686274	4316	22:34:00
9986	50.98039215686274	4316	22:38:00
536930	50.98039215686274	4316	22:38:00
40|6
328269	50.98039215686274	4596	07:29:00
195544	50.98039215686274	4596	07:32:00
186013	50.98039215686274	4596	07:35:00
213529	50.98039215686274	4596	07:35:00
257054	50.98039215686274	4596	07:35:00
509660	50.98039215686274	4596	07:40:00
41|6
498148	50.98039215686274	3878	14:36:00
113311	50.98039215686274	3883	01:17:00
571579	50.98039215686274	3972	15:05:00
199025	50.98039215686274	4303	21:08:00
375693	50.98039215686274	4303	21:08:00
591163	50.98039215686274	4303	21:08:00
42|6
134908	50.98039215686274	4596	13:45:00
303711	50.98039215686274	4597	08:56:00
3669	50.98039215686274	4597	09:58:00
458099	50.98039215686274	4598	08:21:00
82555	50.98039215686274	4598	10:13:00
248920	50.98039215686274	4598	10:13:00
43|6
309068	50.98039215686274	4635	00:15:00
328957	50.98039215686274	4635	00:15:00
376863	50.98039215686274	4635	00:15:00
60117	50.98039215686274	4635	00:20:00
409361	50.98039215686274	4635	00:20:00
581975	50.98039215686274	4641	08:55:00
