0|6
550452	51.76470588235295	5229	18:10:00
323933	51.76470588235295	5802	11:05:00
159248	51.76470588235295	5802	11:27:00
554099	51.76470588235295	5815	16:02:00
70896	51.76470588235295	5815	16:26:00
518385	51.76470588235295	5815	16:38:00
1|6
614243	51.76470588235295	5424	15:27:00
616649	51.76470588235295	5424	15:27:00
617646	51.76470588235295	5424	15:27:00
620594	51.76470588235295	5424	15:27:00
622325	51.76470588235295	5424	15:27:00
623778	51.76470588235295	5424	15:27:00
2|6
521716	51.76470588235295	4220	10:26:00
531386	51.76470588235295	4220	10:26:00
534002	51.76470588235295	4220	10:26:00
602548	51.76470588235295	4220	10:26:00
297989	51.76470588235295	5332	13:11:00
532569	51.76470588235295	5332	13:13:00
3|6
266898	51.76470588235295	3811	14:01:00
577089	51.76470588235295	3811	14:07:00
418340	51.76470588235295	3811	14:50:00
489371	51.76470588235295	4387	18:43:00
541471	51.76470588235295	4387	19:16:00
230010	51.76470588235295	4458	14:32:00
4|6
160409	51.76470588235295	4859	11:24:00
309265	51.76470588235295	4866	13:54:00
566574	51.76470588235295	4866	13:54:00
94767	51.76470588235295	4885	13:18:00
617491	51.76470588235295	4893	13:40:00
561044	51.76470588235295	4894	13:41:00
5|6
55372	51.76470588235295	5226	13:41:00
568050	51.76470588235295	5226	13:41:00
614805	51.76470588235295	5226	13:41:00
374622	51.76470588235295	5226	13:42:00
390355	51.76470588235295	5226	13:42:00
600781	51.76470588235295	5226	13:42:00
6|6
34428	51.76470588235295	5092	15:36:00
370386	51.76470588235295	5092	15:36:00
614925	51.76470588235295	5092	15:37:00
248723	51.76470588235295	5092	15:40:00
252962	51.76470588235295	5092	15:40:00
504528	51.76470588235295	5092	15:40:00
7|6
591369	51.76470588235295	6033	19:54:00
28621	51.76470588235295	6033	19:55:00
40189	51.76470588235295	6033	19:55:00
434891	51.76470588235295	6033	19:55:00
80657	51.76470588235295	6033	19:57:00
532790	51.76470588235295	6033	20:00:00
8|6
532569	51.76470588235295	4998	14:28:00
558154	51.76470588235295	4998	14:28:00
569179	51.76470588235295	4998	14:28:00
574204	51.76470588235295	4998	14:28:00
622325	51.76470588235295	4998	14:28:00
213829	51.76470588235295	4998	14:50:00
9|6
531386	51.76470588235295	4607	22:13:00
532569	51.76470588235295	4607	22:13:00
592747	51.76470588235295	4607	22:13:00
602602	51.76470588235295	4607	22:13:00
614925	51.76470588235295	4607	22:13:00
622325	51.76470588235295	4607	22:13:00
10|6
453396	51.76470588235295	3546	10:12:00
587636	51.76470588235295	3546	10:12:00
591461	51.76470588235295	3546	10:12:00
596241	51.76470588235295	3546	10:12:00
612520	51.76470588235295	3546	10:12:00
616649	51.76470588235295	3546	10:12:00
11|6
533053	51.76470588235295	4665	22:26:00
2273	51.76470588235295	4670	19:46:00
117627	51.76470588235295	4670	19:47:00
436796	51.76470588235295	4670	19:48:00
613923	51.76470588235295	4670	19:52:00
359283	51.76470588235295	4670	19:56:00
12|6
275010	51.76470588235295	5070	00:06:00
46030	51.76470588235295	5070	00:17:00
29235	51.76470588235295	5070	00:19:00
498179	51.76470588235295	5070	00:19:00
556541	51.76470588235295	5070	00:19:00
558814	51.76470588235295	5172	14:59:00
13|6
546992	51.76470588235295	4980	00:39:00
567726	51.76470588235295	4980	00:39:00
583090	51.76470588235295	4980	00:39:00
587636	51.76470588235295	4980	00:39:00
616649	51.76470588235295	4980	00:39:00
617646	51.76470588235295	4980	00:39:00
14|6
543905	51.76470588235295	5387	10:21:00
572538	51.76470588235295	5387	10:21:00
28590	51.76470588235295	5391	05:24:00
268594	51.76470588235295	5392	14:37:00
308881	51.76470588235295	5392	14:37:00
334831	51.76470588235295	5392	14:37:00
15|6
281112	51.76470588235295	5712	16:08:00
309256	51.76470588235295	5721	07:15:00
496762	51.76470588235295	5731	09:54:00
614925	51.76470588235295	5735	06:47:00
165824	51.76470588235295	5743	07:40:00
367313	51.76470588235295	5771	08:08:00
16|6
550452	51.76470588235295	5135	20:54:00
56437	51.76470588235295	5137	21:16:00
13379	51.76470588235295	5141	20:35:00
39046	51.76470588235295	5141	20:53:00
405897	51.76470588235295	5156	16:44:00
267723	51.76470588235295	5189	10:04:00
17|6
25205	51.76470588235295	4934	13:12:00
103410	51.76470588235295	4935	22:39:00
624550	51.76470588235295	4935	22:44:00
338242	51.76470588235295	4935	22:48:00
25311	51.76470588235295	4935	22:57:00
47310	51.76470588235295	4935	22:58:00
18|6
359811	51.76470588235295	5886	09:59:00
576535	51.76470588235295	5886	09:59:00
260310	51.76470588235295	5950	23:02:00
49509	51.76470588235295	6161	18:54:00
206975	51.76470588235295	6161	18:54:00
252459	51.76470588235295	6161	19:52:00
19|6
539904	51.76470588235295	4896	12:27:00
548098	51.76470588235295	4896	12:27:00
592747	51.76470588235295	4896	12:27:00
600770	51.76470588235295	4896	12:27:00
608376	51.76470588235295	4896	12:27:00
622325	51.76470588235295	4896	12:27:00
20|6
489371	51.76470588235295	4025	13:01:00
517526	51.76470588235295	4025	13:01:00
538823	51.76470588235295	4025	13:01:00
540934	51.76470588235295	4025	13:01:00
600770	51.76470588235295	4025	13:01:00
607946	51.76470588235295	4025	13:01:00
21|6
116469	51.76470588235295	4477	20:08:00
33730	51.76470588235295	4477	20:11:00
100025	51.76470588235295	4477	20:11:00
95970	51.76470588235295	4477	20:15:00
267723	51.76470588235295	4477	20:15:00
449769	51.76470588235295	4477	20:15:00
22|6
559390	51.76470588235295	4394	19:58:00
152442	51.76470588235295	4394	20:53:00
182003	51.76470588235295	4394	20:53:00
225679	51.76470588235295	4394	20:53:00
41414	51.76470588235295	4394	21:00:00
106447	51.76470588235295	4423	15:53:00
23|6
540166	51.76470588235295	4736	06:24:00
389637	51.76470588235295	4739	03:02:00
44531	51.76470588235295	4797	05:16:00
130559	51.76470588235295	4800	03:17:00
173049	51.76470588235295	4801	01:57:00
48550	51.76470588235295	4892	02:30:00
24|6
459622	51.76470588235295	5029	13:41:00
112126	51.76470588235295	5038	14:19:00
614925	51.76470588235295	5074	10:24:00
489371	51.76470588235295	5092	13:59:00
85222	51.76470588235295	5121	08:19:00
181089	51.76470588235295	5121	09:07:00
25|6
563692	51.76470588235295	3652	23:16:00
582591	51.76470588235295	3652	23:16:00
600770	51.76470588235295	3652	23:16:00
607946	51.76470588235295	3652	23:16:00
274703	51.76470588235295	3652	23:17:00
362307	51.76470588235295	3652	23:19:00
26|6
614243	51.76470588235295	4315	19:25:00
617646	51.76470588235295	4315	19:25:00
622325	51.76470588235295	4315	19:25:00
55629	51.76470588235295	4315	19:32:00
363904	51.76470588235295	4315	19:32:00
373402	51.76470588235295	4315	19:32:00
27|6
169081	51.76470588235295	4637	07:48:00
386683	51.76470588235295	4637	07:48:00
224051	51.76470588235295	4703	06:34:00
436056	51.76470588235295	4800	15:25:00
473055	51.76470588235295	4902	17:21:00
26226	51.76470588235295	4902	17:29:00
28|6
75707	51.76470588235295	6028	02:29:00
397543	51.76470588235295	6028	02:29:00
298685	51.76470588235295	6028	02:32:00
75410	51.76470588235295	6028	02:34:00
567631	51.76470588235295	6028	02:34:00
578903	51.76470588235295	6028	02:39:00
29|6
184754	51.76470588235295	5518	03:54:00
556366	51.76470588235295	5518	03:54:00
238646	51.76470588235295	5518	03:56:00
7876	51.76470588235295	5518	03:57:00
302000	51.76470588235295	5518	03:57:00
569396	51.76470588235295	5619	19:41:00
30|6
267846	51.76470588235295	3630	21:31:00
467178	51.76470588235295	3630	21:31:00
444949	51.76470588235295	4709	13:03:00
489457	51.76470588235295	4709	13:14:00
529957	51.76470588235295	4709	13:16:00
552786	51.76470588235295	4709	13:24:00
31|6
123929	51.76470588235295	5344	20:38:00
98718	51.76470588235295	5352	09:05:00
195434	51.76470588235295	5353	23:27:00
588686	51.76470588235295	5353	23:35:00
604347	51.76470588235295	5370	16:36:00
17497	51.76470588235295	5414	18:31:00
32|6
358441	51.76470588235295	4308	18:24:00
440694	51.76470588235295	4308	18:24:00
577474	51.76470588235295	4308	18:24:00
266281	51.76470588235295	4308	18:25:00
371598	51.76470588235295	4308	18:25:00
564115	51.76470588235295	4308	18:25:00
33|6
75943	51.76470588235295	4063	08:45:00
355155	51.76470588235295	4063	08:53:00
564115	51.76470588235295	4063	08:54:00
364683	51.76470588235295	4063	09:01:00
437608	51.76470588235295	4063	09:01:00
603145	51.76470588235295	4063	09:01:00
34|6
1188	51.76470588235295	4384	15:40:00
4132	51.76470588235295	4384	15:40:00
30125	51.76470588235295	4384	15:40:00
36422	51.76470588235295	4384	15:40:00
421158	51.76470588235295	4384	15:40:00
482854	51.76470588235295	4384	15:40:00
35|6
529098	51.76470588235295	5494	14:35:00
559371	51.76470588235295	5494	15:48:00
237542	51.76470588235295	5494	15:50:00
549463	51.76470588235295	5494	15:50:00
381626	51.76470588235295	5494	16:17:00
407756	51.76470588235295	5494	16:17:00
36|6
571905	51.76470588235295	4001	20:14:00
198370	51.76470588235295	4002	16:25:00
347177	51.76470588235295	4002	16:37:00
27598	51.76470588235295	4002	16:55:00
551806	51.76470588235295	4002	16:56:00
193586	51.76470588235295	4002	17:29:00
37|6
169627	51.76470588235295	5122	13:00:00
130254	51.76470588235295	5122	13:04:00
141393	51.76470588235295	5122	13:04:00
469645	51.76470588235295	5122	14:08:00
84209	51.76470588235295	5122	15:39:00
280641	51.76470588235295	5122	15:46:00
38|6
504528	51.76470588235295	5397	07:55:00
517718	51.76470588235295	5397	07:55:00
532569	51.76470588235295	5397	07:55:00
614243	51.76470588235295	5397	07:55:00
614925	51.76470588235295	5397	07:55:00
622325	51.76470588235295	5397	07:55:00
39|6
614925	51.76470588235295	4316	22:00:00
34525	51.76470588235295	4316	22:31:00
540166	51.76470588235295	4316	22:31:00
327744	51.76470588235295	4316	22:34:00
9986	51.76470588235295	4316	22:38:00
536930	51.76470588235295	4316	22:38:00
40|6
328269	51.76470588235295	4596	07:29:00
195544	51.76470588235295	4596	07:32:00
186013	51.76470588235295	4596	07:35:00
213529	51.76470588235295	4596	07:35:00
257054	51.76470588235295	4596	07:35:00
509660	51.76470588235295	4596	07:40:00
41|6
498148	51.76470588235295	3878	14:36:00
113311	51.76470588235295	3883	01:17:00
571579	51.76470588235295	3972	15:05:00
199025	51.76470588235295	4303	21:08:00
375693	51.76470588235295	4303	21:08:00
591163	51.76470588235295	4303	21:08:00
42|6
134908	51.76470588235295	4596	13:45:00
303711	51.76470588235295	4597	08:56:00
3669	51.76470588235295	4597	09:58:00
458099	51.76470588235295	4598	08:21:00
82555	51.76470588235295	4598	10:13:00
248920	51.76470588235295	4598	10:13:00
43|6
309068	51.76470588235295	4635	00:15:00
328957	51.76470588235295	4635	00:15:00
376863	51.76470588235295	4635	00:15:00
60117	51.76470588235295	4635	00:20:00
409361	51.76470588235295	4635	00:20:00
581975	51.76470588235295	4641	08:55:00
