0|6
550452	52.156862745098046	5229	18:10:00
323933	52.156862745098046	5802	11:05:00
159248	52.156862745098046	5802	11:27:00
554099	52.156862745098046	5815	16:02:00
70896	52.156862745098046	5815	16:26:00
518385	52.156862745098046	5815	16:38:00
1|6
614243	52.156862745098046	5424	15:27:00
616649	52.156862745098046	5424	15:27:00
617646	52.156862745098046	5424	15:27:00
620594	52.156862745098046	5424	15:27:00
622325	52.156862745098046	5424	15:27:00
623778	52.156862745098046	5424	15:27:00
2|6
521716	52.156862745098046	4220	10:26:00
531386	52.156862745098046	4220	10:26:00
534002	52.156862745098046	4220	10:26:00
602548	52.156862745098046	4220	10:26:00
297989	52.156862745098046	5332	13:11:00
532569	52.156862745098046	5332	13:13:00
3|6
266898	52.156862745098046	3811	14:01:00
577089	52.156862745098046	3811	14:07:00
418340	52.156862745098046	3811	14:50:00
489371	52.156862745098046	4387	18:43:00
541471	52.156862745098046	4387	19:16:00
230010	52.156862745098046	4458	14:32:00
4|6
160409	52.156862745098046	4859	11:24:00
309265	52.156862745098046	4866	13:54:00
566574	52.156862745098046	4866	13:54:00
94767	52.156862745098046	4885	13:18:00
617491	52.156862745098046	4893	13:40:00
561044	52.156862745098046	4894	13:41:00
5|6
55372	52.156862745098046	5226	13:41:00
568050	52.156862745098046	5226	13:41:00
614805	52.156862745098046	5226	13:41:00
374622	52.156862745098046	5226	13:42:00
390355	52.156862745098046	5226	13:42:00
600781	52.156862745098046	5226	13:42:00
6|6
34428	52.156862745098046	5092	15:36:00
370386	52.156862745098046	5092	15:36:00
614925	52.156862745098046	5092	15:37:00
248723	52.156862745098046	5092	15:40:00
252962	52.156862745098046	5092	15:40:00
504528	52.156862745098046	5092	15:40:00
7|6
591369	52.156862745098046	6033	19:54:00
28621	52.156862745098046	6033	19:55:00
40189	52.156862745098046	6033	19:55:00
434891	52.156862745098046	6033	19:55:00
80657	52.156862745098046	6033	19:57:00
532790	52.156862745098046	6033	20:00:00
8|6
532569	52.156862745098046	4998	14:28:00
558154	52.156862745098046	4998	14:28:00
569179	52.156862745098046	4998	14:28:00
574204	52.156862745098046	4998	14:28:00
622325	52.156862745098046	4998	14:28:00
213829	52.156862745098046	4998	14:50:00
9|6
531386	52.156862745098046	4607	22:13:00
532569	52.156862745098046	4607	22:13:00
592747	52.156862745098046	4607	22:13:00
602602	52.156862745098046	4607	22:13:00
614925	52.156862745098046	4607	22:13:00
622325	52.156862745098046	4607	22:13:00
10|6
453396	52.156862745098046	3546	10:12:00
587636	52.156862745098046	3546	10:12:00
591461	52.156862745098046	3546	10:12:00
596241	52.156862745098046	3546	10:12:00
612520	52.156862745098046	3546	10:12:00
616649	52.156862745098046	3546	10:12:00
11|6
533053	52.156862745098046	4665	22:26:00
2273	52.156862745098046	4670	19:46:00
117627	52.156862745098046	4670	19:47:00
436796	52.156862745098046	4670	19:48:00
613923	52.156862745098046	4670	19:52:00
359283	52.156862745098046	4670	19:56:00
12|6
275010	52.156862745098046	5070	00:06:00
46030	52.156862745098046	5070	00:17:00
29235	52.156862745098046	5070	00:19:00
498179	52.156862745098046	5070	00:19:00
556541	52.156862745098046	5070	00:19:00
558814	52.156862745098046	5172	14:59:00
13|6
546992	52.156862745098046	4980	00:39:00
567726	52.156862745098046	4980	00:39:00
583090	52.156862745098046	4980	00:39:00
587636	52.156862745098046	4980	00:39:00
616649	52.156862745098046	4980	00:39:00
617646	52.156862745098046	4980	00:39:00
14|6
543905	52.156862745098046	5387	10:21:00
572538	52.156862745098046	5387	10:21:00
28590	52.156862745098046	5391	05:24:00
268594	52.156862745098046	5392	14:37:00
308881	52.156862745098046	5392	14:37:00
334831	52.156862745098046	5392	14:37:00
15|6
281112	52.156862745098046	5712	16:08:00
309256	52.156862745098046	5721	07:15:00
496762	52.156862745098046	5731	09:54:00
614925	52.156862745098046	5735	06:47:00
165824	52.156862745098046	5743	07:40:00
367313	52.156862745098046	5771	08:08:00
16|6
550452	52.156862745098046	5135	20:54:00
56437	52.156862745098046	5137	21:16:00
13379	52.156862745098046	5141	20:35:00
39046	52.156862745098046	5141	20:53:00
405897	52.156862745098046	5156	16:44:00
267723	52.156862745098046	5189	10:04:00
17|6
25205	52.156862745098046	4934	13:12:00
103410	52.156862745098046	4935	22:39:00
624550	52.156862745098046	4935	22:44:00
338242	52.156862745098046	4935	22:48:00
25311	52.156862745098046	4935	22:57:00
47310	52.156862745098046	4935	22:58:00
18|6
359811	52.156862745098046	5886	09:59:00
576535	52.156862745098046	5886	09:59:00
260310	52.156862745098046	5950	23:02:00
49509	52.156862745098046	6161	18:54:00
206975	52.156862745098046	6161	18:54:00
252459	52.156862745098046	6161	19:52:00
19|6
539904	52.156862745098046	4896	12:27:00
548098	52.156862745098046	4896	12:27:00
592747	52.156862745098046	4896	12:27:00
600770	52.156862745098046	4896	12:27:00
608376	52.156862745098046	4896	12:27:00
622325	52.156862745098046	4896	12:27:00
20|6
489371	52.156862745098046	4025	13:01:00
517526	52.156862745098046	4025	13:01:00
538823	52.156862745098046	4025	13:01:00
540934	52.156862745098046	4025	13:01:00
600770	52.156862745098046	4025	13:01:00
607946	52.156862745098046	4025	13:01:00
21|6
116469	52.156862745098046	4477	20:08:00
33730	52.156862745098046	4477	20:11:00
100025	52.156862745098046	4477	20:11:00
95970	52.156862745098046	4477	20:15:00
267723	52.156862745098046	4477	20:15:00
449769	52.156862745098046	4477	20:15:00
22|6
559390	52.156862745098046	4394	19:58:00
152442	52.156862745098046	4394	20:53:00
182003	52.156862745098046	4394	20:53:00
225679	52.156862745098046	4394	20:53:00
41414	52.156862745098046	4394	21:00:00
106447	52.156862745098046	4423	15:53:00
23|6
540166	52.156862745098046	4736	06:24:00
389637	52.156862745098046	4739	03:02:00
44531	52.156862745098046	4797	05:16:00
130559	52.156862745098046	4800	03:17:00
173049	52.156862745098046	4801	01:57:00
48550	52.156862745098046	4892	02:30:00
24|6
459622	52.156862745098046	5029	13:41:00
112126	52.156862745098046	5038	14:19:00
614925	52.156862745098046	5074	10:24:00
489371	52.156862745098046	5092	13:59:00
85222	52.156862745098046	5121	08:19:00
181089	52.156862745098046	5121	09:07:00
25|6
563692	52.156862745098046	3652	23:16:00
582591	52.156862745098046	3652	23:16:00
600770	52.156862745098046	3652	23:16:00
607946	52.156862745098046	3652	23:16:00
274703	52.156862745098046	3652	23:17:00
362307	52.156862745098046	3652	23:19:00
26|6
614243	52.156862745098046	4315	19:25:00
617646	52.156862745098046	4315	19:25:00
622325	52.156862745098046	4315	19:25:00
55629	52.156862745098046	4315	19:32:00
363904	52.156862745098046	4315	19:32:00
373402	52.156862745098046	4315	19:32:00
27|6
169081	52.156862745098046	4637	07:48:00
386683	52.156862745098046	4637	07:48:00
224051	52.156862745098046	4703	06:34:00
436056	52.156862745098046	4800	15:25:00
473055	52.156862745098046	4902	17:21:00
26226	52.156862745098046	4902	17:29:00
28|6
75707	52.156862745098046	6028	02:29:00
397543	52.156862745098046	6028	02:29:00
298685	52.156862745098046	6028	02:32:00
75410	52.156862745098046	6028	02:34:00
567631	52.156862745098046	6028	02:34:00
578903	52.156862745098046	6028	02:39:00
29|6
184754	52.156862745098046	5518	03:54:00
556366	52.156862745098046	5518	03:54:00
238646	52.156862745098046	5518	03:56:00
7876	52.156862745098046	5518	03:57:00
302000	52.156862745098046	5518	03:57:00
569396	52.156862745098046	5619	19:41:00
30|6
267846	52.156862745098046	3630	21:31:00
467178	52.156862745098046	3630	21:31:00
444949	52.156862745098046	4709	13:03:00
489457	52.156862745098046	4709	13:14:00
529957	52.156862745098046	4709	13:16:00
552786	52.156862745098046	4709	13:24:00
31|6
123929	52.156862745098046	5344	20:38:00
98718	52.156862745098046	5352	09:05:00
195434	52.156862745098046	5353	23:27:00
588686	52.156862745098046	5353	23:35:00
604347	52.156862745098046	5370	16:36:00
17497	52.156862745098046	5414	18:31:00
32|6
358441	52.156862745098046	4308	18:24:00
440694	52.156862745098046	4308	18:24:00
577474	52.156862745098046	4308	18:24:00
266281	52.156862745098046	4308	18:25:00
371598	52.156862745098046	4308	18:25:00
564115	52.156862745098046	4308	18:25:00
33|6
75943	52.156862745098046	4063	08:45:00
355155	52.156862745098046	4063	08:53:00
564115	52.156862745098046	4063	08:54:00
364683	52.156862745098046	4063	09:01:00
437608	52.156862745098046	4063	09:01:00
603145	52.156862745098046	4063	09:01:00
34|6
1188	52.156862745098046	4384	15:40:00
4132	52.156862745098046	4384	15:40:00
30125	52.156862745098046	4384	15:40:00
36422	52.156862745098046	4384	15:40:00
421158	52.156862745098046	4384	15:40:00
482854	52.156862745098046	4384	15:40:00
35|6
529098	52.156862745098046	5494	14:35:00
559371	52.156862745098046	5494	15:48:00
237542	52.156862745098046	5494	15:50:00
549463	52.156862745098046	5494	15:50:00
381626	52.156862745098046	5494	16:17:00
407756	52.156862745098046	5494	16:17:00
36|6
571905	52.156862745098046	4001	20:14:00
198370	52.156862745098046	4002	16:25:00
347177	52.156862745098046	4002	16:37:00
27598	52.156862745098046	4002	16:55:00
551806	52.156862745098046	4002	16:56:00
193586	52.156862745098046	4002	17:29:00
37|6
169627	52.156862745098046	5122	13:00:00
130254	52.156862745098046	5122	13:04:00
141393	52.156862745098046	5122	13:04:00
469645	52.156862745098046	5122	14:08:00
84209	52.156862745098046	5122	15:39:00
280641	52.156862745098046	5122	15:46:00
38|6
504528	52.156862745098046	5397	07:55:00
517718	52.156862745098046	5397	07:55:00
532569	52.156862745098046	5397	07:55:00
614243	52.156862745098046	5397	07:55:00
614925	52.156862745098046	5397	07:55:00
622325	52.156862745098046	5397	07:55:00
39|6
614925	52.156862745098046	4316	22:00:00
34525	52.156862745098046	4316	22:31:00
540166	52.156862745098046	4316	22:31:00
327744	52.156862745098046	4316	22:34:00
9986	52.156862745098046	4316	22:38:00
536930	52.156862745098046	4316	22:38:00
40|6
328269	52.156862745098046	4596	07:29:00
195544	52.156862745098046	4596	07:32:00
186013	52.156862745098046	4596	07:35:00
213529	52.156862745098046	4596	07:35:00
257054	52.156862745098046	4596	07:35:00
509660	52.156862745098046	4596	07:40:00
41|6
498148	52.156862745098046	3878	14:36:00
113311	52.156862745098046	3883	01:17:00
571579	52.156862745098046	3972	15:05:00
199025	52.156862745098046	4303	21:08:00
375693	52.156862745098046	4303	21:08:00
591163	52.156862745098046	4303	21:08:00
42|6
134908	52.156862745098046	4596	13:45:00
303711	52.156862745098046	4597	08:56:00
3669	52.156862745098046	4597	09:58:00
458099	52.156862745098046	4598	08:21:00
82555	52.156862745098046	4598	10:13:00
248920	52.156862745098046	4598	10:13:00
43|6
309068	52.156862745098046	4635	00:15:00
328957	52.156862745098046	4635	00:15:00
376863	52.156862745098046	4635	00:15:00
60117	52.156862745098046	4635	00:20:00
409361	52.156862745098046	4635	00:20:00
581975	52.156862745098046	4641	08:55:00
