0|6
550452	54.509803921568626	5229	18:10:00
323933	54.509803921568626	5802	11:05:00
159248	54.509803921568626	5802	11:27:00
554099	54.509803921568626	5815	16:02:00
70896	54.509803921568626	5815	16:26:00
518385	54.509803921568626	5815	16:38:00
1|6
614243	54.509803921568626	5424	15:27:00
616649	54.509803921568626	5424	15:27:00
617646	54.509803921568626	5424	15:27:00
620594	54.509803921568626	5424	15:27:00
622325	54.509803921568626	5424	15:27:00
623778	54.509803921568626	5424	15:27:00
2|6
521716	54.509803921568626	4220	10:26:00
531386	54.509803921568626	4220	10:26:00
534002	54.509803921568626	4220	10:26:00
602548	54.509803921568626	4220	10:26:00
297989	54.509803921568626	5332	13:11:00
532569	54.509803921568626	5332	13:13:00
3|6
266898	54.509803921568626	3811	14:01:00
577089	54.509803921568626	3811	14:07:00
418340	54.509803921568626	3811	14:50:00
489371	54.509803921568626	4387	18:43:00
541471	54.509803921568626	4387	19:16:00
230010	54.509803921568626	4458	14:32:00
4|6
160409	54.509803921568626	4859	11:24:00
309265	54.509803921568626	4866	13:54:00
566574	54.509803921568626	4866	13:54:00
94767	54.509803921568626	4885	13:18:00
617491	54.509803921568626	4893	13:40:00
561044	54.509803921568626	4894	13:41:00
5|6
55372	54.509803921568626	5226	13:41:00
568050	54.509803921568626	5226	13:41:00
614805	54.509803921568626	5226	13:41:00
374622	54.509803921568626	5226	13:42:00
390355	54.509803921568626	5226	13:42:00
600781	54.509803921568626	5226	13:42:00
6|6
34428	54.509803921568626	5092	15:36:00
370386	54.509803921568626	5092	15:36:00
614925	54.509803921568626	5092	15:37:00
248723	54.509803921568626	5092	15:40:00
252962	54.509803921568626	5092	15:40:00
504528	54.509803921568626	5092	15:40:00
7|6
591369	54.509803921568626	6033	19:54:00
28621	54.509803921568626	6033	19:55:00
40189	54.509803921568626	6033	19:55:00
434891	54.509803921568626	6033	19:55:00
80657	54.509803921568626	6033	19:57:00
532790	54.509803921568626	6033	20:00:00
8|6
532569	54.509803921568626	4998	14:28:00
558154	54.509803921568626	4998	14:28:00
569179	54.509803921568626	4998	14:28:00
574204	54.509803921568626	4998	14:28:00
622325	54.509803921568626	4998	14:28:00
213829	54.509803921568626	4998	14:50:00
9|6
531386	54.509803921568626	4607	22:13:00
532569	54.509803921568626	4607	22:13:00
592747	54.509803921568626	4607	22:13:00
602602	54.509803921568626	4607	22:13:00
614925	54.509803921568626	4607	22:13:00
622325	54.509803921568626	4607	22:13:00
10|6
453396	54.509803921568626	3546	10:12:00
587636	54.509803921568626	3546	10:12:00
591461	54.509803921568626	3546	10:12:00
596241	54.509803921568626	3546	10:12:00
612520	54.509803921568626	3546	10:12:00
616649	54.509803921568626	3546	10:12:00
11|6
533053	54.509803921568626	4665	22:26:00
2273	54.509803921568626	4670	19:46:00
117627	54.509803921568626	4670	19:47:00
436796	54.509803921568626	4670	19:48:00
613923	54.509803921568626	4670	19:52:00
359283	54.509803921568626	4670	19:56:00
12|6
275010	54.509803921568626	5070	00:06:00
46030	54.509803921568626	5070	00:17:00
29235	54.509803921568626	5070	00:19:00
498179	54.509803921568626	5070	00:19:00
556541	54.509803921568626	5070	00:19:00
558814	54.509803921568626	5172	14:59:00
13|6
546992	54.509803921568626	4980	00:39:00
567726	54.509803921568626	4980	00:39:00
583090	54.509803921568626	4980	00:39:00
587636	54.509803921568626	4980	00:39:00
616649	54.509803921568626	4980	00:39:00
617646	54.509803921568626	4980	00:39:00
14|6
543905	54.509803921568626	5387	10:21:00
572538	54.509803921568626	5387	10:21:00
28590	54.509803921568626	5391	05:24:00
268594	54.509803921568626	5392	14:37:00
308881	54.509803921568626	5392	14:37:00
334831	54.509803921568626	5392	14:37:00
15|6
281112	54.509803921568626	5712	16:08:00
309256	54.509803921568626	5721	07:15:00
496762	54.509803921568626	5731	09:54:00
614925	54.509803921568626	5735	06:47:00
165824	54.509803921568626	5743	07:40:00
367313	54.509803921568626	5771	08:08:00
16|6
550452	54.509803921568626	5135	20:54:00
56437	54.509803921568626	5137	21:16:00
13379	54.509803921568626	5141	20:35:00
39046	54.509803921568626	5141	20:53:00
405897	54.509803921568626	5156	16:44:00
267723	54.509803921568626	5189	10:04:00
17|6
25205	54.509803921568626	4934	13:12:00
103410	54.509803921568626	4935	22:39:00
624550	54.509803921568626	4935	22:44:00
338242	54.509803921568626	4935	22:48:00
25311	54.509803921568626	4935	22:57:00
47310	54.509803921568626	4935	22:58:00
18|6
359811	54.509803921568626	5886	09:59:00
576535	54.509803921568626	5886	09:59:00
260310	54.509803921568626	5950	23:02:00
49509	54.509803921568626	6161	18:54:00
206975	54.509803921568626	6161	18:54:00
252459	54.509803921568626	6161	19:52:00
19|6
539904	54.509803921568626	4896	12:27:00
548098	54.509803921568626	4896	12:27:00
592747	54.509803921568626	4896	12:27:00
600770	54.509803921568626	4896	12:27:00
608376	54.509803921568626	4896	12:27:00
622325	54.509803921568626	4896	12:27:00
20|6
489371	54.509803921568626	4025	13:01:00
517526	54.509803921568626	4025	13:01:00
538823	54.509803921568626	4025	13:01:00
540934	54.509803921568626	4025	13:01:00
600770	54.509803921568626	4025	13:01:00
607946	54.509803921568626	4025	13:01:00
21|6
116469	54.509803921568626	4477	20:08:00
33730	54.509803921568626	4477	20:11:00
100025	54.509803921568626	4477	20:11:00
95970	54.509803921568626	4477	20:15:00
267723	54.509803921568626	4477	20:15:00
449769	54.509803921568626	4477	20:15:00
22|6
559390	54.509803921568626	4394	19:58:00
152442	54.509803921568626	4394	20:53:00
182003	54.509803921568626	4394	20:53:00
225679	54.509803921568626	4394	20:53:00
41414	54.509803921568626	4394	21:00:00
106447	54.509803921568626	4423	15:53:00
23|6
540166	54.509803921568626	4736	06:24:00
389637	54.509803921568626	4739	03:02:00
44531	54.509803921568626	4797	05:16:00
130559	54.509803921568626	4800	03:17:00
173049	54.509803921568626	4801	01:57:00
48550	54.509803921568626	4892	02:30:00
24|6
459622	54.509803921568626	5029	13:41:00
112126	54.509803921568626	5038	14:19:00
614925	54.509803921568626	5074	10:24:00
489371	54.509803921568626	5092	13:59:00
85222	54.509803921568626	5121	08:19:00
181089	54.509803921568626	5121	09:07:00
25|6
563692	54.509803921568626	3652	23:16:00
582591	54.509803921568626	3652	23:16:00
600770	54.509803921568626	3652	23:16:00
607946	54.509803921568626	3652	23:16:00
274703	54.509803921568626	3652	23:17:00
362307	54.509803921568626	3652	23:19:00
26|6
614243	54.509803921568626	4315	19:25:00
617646	54.509803921568626	4315	19:25:00
622325	54.509803921568626	4315	19:25:00
55629	54.509803921568626	4315	19:32:00
363904	54.509803921568626	4315	19:32:00
373402	54.509803921568626	4315	19:32:00
27|6
169081	54.509803921568626	4637	07:48:00
386683	54.509803921568626	4637	07:48:00
224051	54.509803921568626	4703	06:34:00
436056	54.509803921568626	4800	15:25:00
473055	54.509803921568626	4902	17:21:00
26226	54.509803921568626	4902	17:29:00
28|6
75707	54.509803921568626	6028	02:29:00
397543	54.509803921568626	6028	02:29:00
298685	54.509803921568626	6028	02:32:00
75410	54.509803921568626	6028	02:34:00
567631	54.509803921568626	6028	02:34:00
578903	54.509803921568626	6028	02:39:00
29|6
184754	54.509803921568626	5518	03:54:00
556366	54.509803921568626	5518	03:54:00
238646	54.509803921568626	5518	03:56:00
7876	54.509803921568626	5518	03:57:00
302000	54.509803921568626	5518	03:57:00
569396	54.509803921568626	5619	19:41:00
30|6
267846	54.509803921568626	3630	21:31:00
467178	54.509803921568626	3630	21:31:00
444949	54.509803921568626	4709	13:03:00
489457	54.509803921568626	4709	13:14:00
529957	54.509803921568626	4709	13:16:00
552786	54.509803921568626	4709	13:24:00
31|6
123929	54.509803921568626	5344	20:38:00
98718	54.509803921568626	5352	09:05:00
195434	54.509803921568626	5353	23:27:00
588686	54.509803921568626	5353	23:35:00
604347	54.509803921568626	5370	16:36:00
17497	54.509803921568626	5414	18:31:00
32|6
358441	54.509803921568626	4308	18:24:00
440694	54.509803921568626	4308	18:24:00
577474	54.509803921568626	4308	18:24:00
266281	54.509803921568626	4308	18:25:00
371598	54.509803921568626	4308	18:25:00
564115	54.509803921568626	4308	18:25:00
33|6
75943	54.509803921568626	4063	08:45:00
355155	54.509803921568626	4063	08:53:00
564115	54.509803921568626	4063	08:54:00
364683	54.509803921568626	4063	09:01:00
437608	54.509803921568626	4063	09:01:00
603145	54.509803921568626	4063	09:01:00
34|6
1188	54.509803921568626	4384	15:40:00
4132	54.509803921568626	4384	15:40:00
30125	54.509803921568626	4384	15:40:00
36422	54.509803921568626	4384	15:40:00
421158	54.509803921568626	4384	15:40:00
482854	54.509803921568626	4384	15:40:00
35|6
529098	54.509803921568626	5494	14:35:00
559371	54.509803921568626	5494	15:48:00
237542	54.509803921568626	5494	15:50:00
549463	54.509803921568626	5494	15:50:00
381626	54.509803921568626	5494	16:17:00
407756	54.509803921568626	5494	16:17:00
36|6
571905	54.509803921568626	4001	20:14:00
198370	54.509803921568626	4002	16:25:00
347177	54.509803921568626	4002	16:37:00
27598	54.509803921568626	4002	16:55:00
551806	54.509803921568626	4002	16:56:00
193586	54.509803921568626	4002	17:29:00
37|6
169627	54.509803921568626	5122	13:00:00
130254	54.509803921568626	5122	13:04:00
141393	54.509803921568626	5122	13:04:00
469645	54.509803921568626	5122	14:08:00
84209	54.509803921568626	5122	15:39:00
280641	54.509803921568626	5122	15:46:00
38|6
504528	54.509803921568626	5397	07:55:00
517718	54.509803921568626	5397	07:55:00
532569	54.509803921568626	5397	07:55:00
614243	54.509803921568626	5397	07:55:00
614925	54.509803921568626	5397	07:55:00
622325	54.509803921568626	5397	07:55:00
39|6
614925	54.509803921568626	4316	22:00:00
34525	54.509803921568626	4316	22:31:00
540166	54.509803921568626	4316	22:31:00
327744	54.509803921568626	4316	22:34:00
9986	54.509803921568626	4316	22:38:00
536930	54.509803921568626	4316	22:38:00
40|6
328269	54.509803921568626	4596	07:29:00
195544	54.509803921568626	4596	07:32:00
186013	54.509803921568626	4596	07:35:00
213529	54.509803921568626	4596	07:35:00
257054	54.509803921568626	4596	07:35:00
509660	54.509803921568626	4596	07:40:00
41|6
498148	54.509803921568626	3878	14:36:00
113311	54.509803921568626	3883	01:17:00
571579	54.509803921568626	3972	15:05:00
199025	54.509803921568626	4303	21:08:00
375693	54.509803921568626	4303	21:08:00
591163	54.509803921568626	4303	21:08:00
42|6
134908	54.509803921568626	4596	13:45:00
303711	54.509803921568626	4597	08:56:00
3669	54.509803921568626	4597	09:58:00
458099	54.509803921568626	4598	08:21:00
82555	54.509803921568626	4598	10:13:00
248920	54.509803921568626	4598	10:13:00
43|6
309068	54.509803921568626	4635	00:15:00
328957	54.509803921568626	4635	00:15:00
376863	54.509803921568626	4635	00:15:00
60117	54.509803921568626	4635	00:20:00
409361	54.509803921568626	4635	00:20:00
581975	54.509803921568626	4641	08:55:00
