0|6
550452	55.68627450980392	5229	18:10:00
323933	55.68627450980392	5802	11:05:00
159248	55.68627450980392	5802	11:27:00
554099	55.68627450980392	5815	16:02:00
70896	55.68627450980392	5815	16:26:00
518385	55.68627450980392	5815	16:38:00
1|6
614243	55.68627450980392	5424	15:27:00
616649	55.68627450980392	5424	15:27:00
617646	55.68627450980392	5424	15:27:00
620594	55.68627450980392	5424	15:27:00
622325	55.68627450980392	5424	15:27:00
623778	55.68627450980392	5424	15:27:00
2|6
521716	55.68627450980392	4220	10:26:00
531386	55.68627450980392	4220	10:26:00
534002	55.68627450980392	4220	10:26:00
602548	55.68627450980392	4220	10:26:00
297989	55.68627450980392	5332	13:11:00
532569	55.68627450980392	5332	13:13:00
3|6
266898	55.68627450980392	3811	14:01:00
577089	55.68627450980392	3811	14:07:00
418340	55.68627450980392	3811	14:50:00
489371	55.68627450980392	4387	18:43:00
541471	55.68627450980392	4387	19:16:00
230010	55.68627450980392	4458	14:32:00
4|6
160409	55.68627450980392	4859	11:24:00
309265	55.68627450980392	4866	13:54:00
566574	55.68627450980392	4866	13:54:00
94767	55.68627450980392	4885	13:18:00
617491	55.68627450980392	4893	13:40:00
561044	55.68627450980392	4894	13:41:00
5|6
55372	55.68627450980392	5226	13:41:00
568050	55.68627450980392	5226	13:41:00
614805	55.68627450980392	5226	13:41:00
374622	55.68627450980392	5226	13:42:00
390355	55.68627450980392	5226	13:42:00
600781	55.68627450980392	5226	13:42:00
6|6
34428	55.68627450980392	5092	15:36:00
370386	55.68627450980392	5092	15:36:00
614925	55.68627450980392	5092	15:37:00
248723	55.68627450980392	5092	15:40:00
252962	55.68627450980392	5092	15:40:00
504528	55.68627450980392	5092	15:40:00
7|6
591369	55.68627450980392	6033	19:54:00
28621	55.68627450980392	6033	19:55:00
40189	55.68627450980392	6033	19:55:00
434891	55.68627450980392	6033	19:55:00
80657	55.68627450980392	6033	19:57:00
532790	55.68627450980392	6033	20:00:00
8|6
532569	55.68627450980392	4998	14:28:00
558154	55.68627450980392	4998	14:28:00
569179	55.68627450980392	4998	14:28:00
574204	55.68627450980392	4998	14:28:00
622325	55.68627450980392	4998	14:28:00
213829	55.68627450980392	4998	14:50:00
9|6
531386	55.68627450980392	4607	22:13:00
532569	55.68627450980392	4607	22:13:00
592747	55.68627450980392	4607	22:13:00
602602	55.68627450980392	4607	22:13:00
614925	55.68627450980392	4607	22:13:00
622325	55.68627450980392	4607	22:13:00
10|6
453396	55.68627450980392	3546	10:12:00
587636	55.68627450980392	3546	10:12:00
591461	55.68627450980392	3546	10:12:00
596241	55.68627450980392	3546	10:12:00
612520	55.68627450980392	3546	10:12:00
616649	55.68627450980392	3546	10:12:00
11|6
533053	55.68627450980392	4665	22:26:00
2273	55.68627450980392	4670	19:46:00
117627	55.68627450980392	4670	19:47:00
436796	55.68627450980392	4670	19:48:00
613923	55.68627450980392	4670	19:52:00
359283	55.68627450980392	4670	19:56:00
12|6
275010	55.68627450980392	5070	00:06:00
46030	55.68627450980392	5070	00:17:00
29235	55.68627450980392	5070	00:19:00
498179	55.68627450980392	5070	00:19:00
556541	55.68627450980392	5070	00:19:00
558814	55.68627450980392	5172	14:59:00
13|6
546992	55.68627450980392	4980	00:39:00
567726	55.68627450980392	4980	00:39:00
583090	55.68627450980392	4980	00:39:00
587636	55.68627450980392	4980	00:39:00
616649	55.68627450980392	4980	00:39:00
617646	55.68627450980392	4980	00:39:00
14|6
543905	55.68627450980392	5387	10:21:00
572538	55.68627450980392	5387	10:21:00
28590	55.68627450980392	5391	05:24:00
268594	55.68627450980392	5392	14:37:00
308881	55.68627450980392	5392	14:37:00
334831	55.68627450980392	5392	14:37:00
15|6
281112	55.68627450980392	5712	16:08:00
309256	55.68627450980392	5721	07:15:00
496762	55.68627450980392	5731	09:54:00
614925	55.68627450980392	5735	06:47:00
165824	55.68627450980392	5743	07:40:00
367313	55.68627450980392	5771	08:08:00
16|6
550452	55.68627450980392	5135	20:54:00
56437	55.68627450980392	5137	21:16:00
13379	55.68627450980392	5141	20:35:00
39046	55.68627450980392	5141	20:53:00
405897	55.68627450980392	5156	16:44:00
267723	55.68627450980392	5189	10:04:00
17|6
25205	55.68627450980392	4934	13:12:00
103410	55.68627450980392	4935	22:39:00
624550	55.68627450980392	4935	22:44:00
338242	55.68627450980392	4935	22:48:00
25311	55.68627450980392	4935	22:57:00
47310	55.68627450980392	4935	22:58:00
18|6
359811	55.68627450980392	5886	09:59:00
576535	55.68627450980392	5886	09:59:00
260310	55.68627450980392	5950	23:02:00
49509	55.68627450980392	6161	18:54:00
206975	55.68627450980392	6161	18:54:00
252459	55.68627450980392	6161	19:52:00
19|6
539904	55.68627450980392	4896	12:27:00
548098	55.68627450980392	4896	12:27:00
592747	55.68627450980392	4896	12:27:00
600770	55.68627450980392	4896	12:27:00
608376	55.68627450980392	4896	12:27:00
622325	55.68627450980392	4896	12:27:00
20|6
489371	55.68627450980392	4025	13:01:00
517526	55.68627450980392	4025	13:01:00
538823	55.68627450980392	4025	13:01:00
540934	55.68627450980392	4025	13:01:00
600770	55.68627450980392	4025	13:01:00
607946	55.68627450980392	4025	13:01:00
21|6
116469	55.68627450980392	4477	20:08:00
33730	55.68627450980392	4477	20:11:00
100025	55.68627450980392	4477	20:11:00
95970	55.68627450980392	4477	20:15:00
267723	55.68627450980392	4477	20:15:00
449769	55.68627450980392	4477	20:15:00
22|6
559390	55.68627450980392	4394	19:58:00
152442	55.68627450980392	4394	20:53:00
182003	55.68627450980392	4394	20:53:00
225679	55.68627450980392	4394	20:53:00
41414	55.68627450980392	4394	21:00:00
106447	55.68627450980392	4423	15:53:00
23|6
540166	55.68627450980392	4736	06:24:00
389637	55.68627450980392	4739	03:02:00
44531	55.68627450980392	4797	05:16:00
130559	55.68627450980392	4800	03:17:00
173049	55.68627450980392	4801	01:57:00
48550	55.68627450980392	4892	02:30:00
24|6
459622	55.68627450980392	5029	13:41:00
112126	55.68627450980392	5038	14:19:00
614925	55.68627450980392	5074	10:24:00
489371	55.68627450980392	5092	13:59:00
85222	55.68627450980392	5121	08:19:00
181089	55.68627450980392	5121	09:07:00
25|6
563692	55.68627450980392	3652	23:16:00
582591	55.68627450980392	3652	23:16:00
600770	55.68627450980392	3652	23:16:00
607946	55.68627450980392	3652	23:16:00
274703	55.68627450980392	3652	23:17:00
362307	55.68627450980392	3652	23:19:00
26|6
614243	55.68627450980392	4315	19:25:00
617646	55.68627450980392	4315	19:25:00
622325	55.68627450980392	4315	19:25:00
55629	55.68627450980392	4315	19:32:00
363904	55.68627450980392	4315	19:32:00
373402	55.68627450980392	4315	19:32:00
27|6
169081	55.68627450980392	4637	07:48:00
386683	55.68627450980392	4637	07:48:00
224051	55.68627450980392	4703	06:34:00
436056	55.68627450980392	4800	15:25:00
473055	55.68627450980392	4902	17:21:00
26226	55.68627450980392	4902	17:29:00
28|6
75707	55.68627450980392	6028	02:29:00
397543	55.68627450980392	6028	02:29:00
298685	55.68627450980392	6028	02:32:00
75410	55.68627450980392	6028	02:34:00
567631	55.68627450980392	6028	02:34:00
578903	55.68627450980392	6028	02:39:00
29|6
184754	55.68627450980392	5518	03:54:00
556366	55.68627450980392	5518	03:54:00
238646	55.68627450980392	5518	03:56:00
7876	55.68627450980392	5518	03:57:00
302000	55.68627450980392	5518	03:57:00
569396	55.68627450980392	5619	19:41:00
30|6
267846	55.68627450980392	3630	21:31:00
467178	55.68627450980392	3630	21:31:00
444949	55.68627450980392	4709	13:03:00
489457	55.68627450980392	4709	13:14:00
529957	55.68627450980392	4709	13:16:00
552786	55.68627450980392	4709	13:24:00
31|6
123929	55.68627450980392	5344	20:38:00
98718	55.68627450980392	5352	09:05:00
195434	55.68627450980392	5353	23:27:00
588686	55.68627450980392	5353	23:35:00
604347	55.68627450980392	5370	16:36:00
17497	55.68627450980392	5414	18:31:00
32|6
358441	55.68627450980392	4308	18:24:00
440694	55.68627450980392	4308	18:24:00
577474	55.68627450980392	4308	18:24:00
266281	55.68627450980392	4308	18:25:00
371598	55.68627450980392	4308	18:25:00
564115	55.68627450980392	4308	18:25:00
33|6
75943	55.68627450980392	4063	08:45:00
355155	55.68627450980392	4063	08:53:00
564115	55.68627450980392	4063	08:54:00
364683	55.68627450980392	4063	09:01:00
437608	55.68627450980392	4063	09:01:00
603145	55.68627450980392	4063	09:01:00
34|6
1188	55.68627450980392	4384	15:40:00
4132	55.68627450980392	4384	15:40:00
30125	55.68627450980392	4384	15:40:00
36422	55.68627450980392	4384	15:40:00
421158	55.68627450980392	4384	15:40:00
482854	55.68627450980392	4384	15:40:00
35|6
529098	55.68627450980392	5494	14:35:00
559371	55.68627450980392	5494	15:48:00
237542	55.68627450980392	5494	15:50:00
549463	55.68627450980392	5494	15:50:00
381626	55.68627450980392	5494	16:17:00
407756	55.68627450980392	5494	16:17:00
36|6
571905	55.68627450980392	4001	20:14:00
198370	55.68627450980392	4002	16:25:00
347177	55.68627450980392	4002	16:37:00
27598	55.68627450980392	4002	16:55:00
551806	55.68627450980392	4002	16:56:00
193586	55.68627450980392	4002	17:29:00
37|6
169627	55.68627450980392	5122	13:00:00
130254	55.68627450980392	5122	13:04:00
141393	55.68627450980392	5122	13:04:00
469645	55.68627450980392	5122	14:08:00
84209	55.68627450980392	5122	15:39:00
280641	55.68627450980392	5122	15:46:00
38|6
504528	55.68627450980392	5397	07:55:00
517718	55.68627450980392	5397	07:55:00
532569	55.68627450980392	5397	07:55:00
614243	55.68627450980392	5397	07:55:00
614925	55.68627450980392	5397	07:55:00
622325	55.68627450980392	5397	07:55:00
39|6
614925	55.68627450980392	4316	22:00:00
34525	55.68627450980392	4316	22:31:00
540166	55.68627450980392	4316	22:31:00
327744	55.68627450980392	4316	22:34:00
9986	55.68627450980392	4316	22:38:00
536930	55.68627450980392	4316	22:38:00
40|6
328269	55.68627450980392	4596	07:29:00
195544	55.68627450980392	4596	07:32:00
186013	55.68627450980392	4596	07:35:00
213529	55.68627450980392	4596	07:35:00
257054	55.68627450980392	4596	07:35:00
509660	55.68627450980392	4596	07:40:00
41|6
498148	55.68627450980392	3878	14:36:00
113311	55.68627450980392	3883	01:17:00
571579	55.68627450980392	3972	15:05:00
199025	55.68627450980392	4303	21:08:00
375693	55.68627450980392	4303	21:08:00
591163	55.68627450980392	4303	21:08:00
42|6
134908	55.68627450980392	4596	13:45:00
303711	55.68627450980392	4597	08:56:00
3669	55.68627450980392	4597	09:58:00
458099	55.68627450980392	4598	08:21:00
82555	55.68627450980392	4598	10:13:00
248920	55.68627450980392	4598	10:13:00
43|6
309068	55.68627450980392	4635	00:15:00
328957	55.68627450980392	4635	00:15:00
376863	55.68627450980392	4635	00:15:00
60117	55.68627450980392	4635	00:20:00
409361	55.68627450980392	4635	00:20:00
581975	55.68627450980392	4641	08:55:00
