0|6
550452	57.647058823529406	5229	18:10:00
323933	57.647058823529406	5802	11:05:00
159248	57.647058823529406	5802	11:27:00
554099	57.647058823529406	5815	16:02:00
70896	57.647058823529406	5815	16:26:00
518385	57.647058823529406	5815	16:38:00
1|6
614243	57.647058823529406	5424	15:27:00
616649	57.647058823529406	5424	15:27:00
617646	57.647058823529406	5424	15:27:00
620594	57.647058823529406	5424	15:27:00
622325	57.647058823529406	5424	15:27:00
623778	57.647058823529406	5424	15:27:00
2|6
521716	57.647058823529406	4220	10:26:00
531386	57.647058823529406	4220	10:26:00
534002	57.647058823529406	4220	10:26:00
602548	57.647058823529406	4220	10:26:00
297989	57.647058823529406	5332	13:11:00
532569	57.647058823529406	5332	13:13:00
3|6
266898	57.647058823529406	3811	14:01:00
577089	57.647058823529406	3811	14:07:00
418340	57.647058823529406	3811	14:50:00
489371	57.647058823529406	4387	18:43:00
541471	57.647058823529406	4387	19:16:00
230010	57.647058823529406	4458	14:32:00
4|6
160409	57.647058823529406	4859	11:24:00
309265	57.647058823529406	4866	13:54:00
566574	57.647058823529406	4866	13:54:00
94767	57.647058823529406	4885	13:18:00
617491	57.647058823529406	4893	13:40:00
561044	57.647058823529406	4894	13:41:00
5|6
55372	57.647058823529406	5226	13:41:00
568050	57.647058823529406	5226	13:41:00
614805	57.647058823529406	5226	13:41:00
374622	57.647058823529406	5226	13:42:00
390355	57.647058823529406	5226	13:42:00
600781	57.647058823529406	5226	13:42:00
6|6
34428	57.647058823529406	5092	15:36:00
370386	57.647058823529406	5092	15:36:00
614925	57.647058823529406	5092	15:37:00
248723	57.647058823529406	5092	15:40:00
252962	57.647058823529406	5092	15:40:00
504528	57.647058823529406	5092	15:40:00
7|6
591369	57.647058823529406	6033	19:54:00
28621	57.647058823529406	6033	19:55:00
40189	57.647058823529406	6033	19:55:00
434891	57.647058823529406	6033	19:55:00
80657	57.647058823529406	6033	19:57:00
532790	57.647058823529406	6033	20:00:00
8|6
532569	57.647058823529406	4998	14:28:00
558154	57.647058823529406	4998	14:28:00
569179	57.647058823529406	4998	14:28:00
574204	57.647058823529406	4998	14:28:00
622325	57.647058823529406	4998	14:28:00
213829	57.647058823529406	4998	14:50:00
9|6
531386	57.647058823529406	4607	22:13:00
532569	57.647058823529406	4607	22:13:00
592747	57.647058823529406	4607	22:13:00
602602	57.647058823529406	4607	22:13:00
614925	57.647058823529406	4607	22:13:00
622325	57.647058823529406	4607	22:13:00
10|6
453396	57.647058823529406	3546	10:12:00
587636	57.647058823529406	3546	10:12:00
591461	57.647058823529406	3546	10:12:00
596241	57.647058823529406	3546	10:12:00
612520	57.647058823529406	3546	10:12:00
616649	57.647058823529406	3546	10:12:00
11|6
533053	57.647058823529406	4665	22:26:00
2273	57.647058823529406	4670	19:46:00
117627	57.647058823529406	4670	19:47:00
436796	57.647058823529406	4670	19:48:00
613923	57.647058823529406	4670	19:52:00
359283	57.647058823529406	4670	19:56:00
12|6
275010	57.647058823529406	5070	00:06:00
46030	57.647058823529406	5070	00:17:00
29235	57.647058823529406	5070	00:19:00
498179	57.647058823529406	5070	00:19:00
556541	57.647058823529406	5070	00:19:00
558814	57.647058823529406	5172	14:59:00
13|6
546992	57.647058823529406	4980	00:39:00
567726	57.647058823529406	4980	00:39:00
583090	57.647058823529406	4980	00:39:00
587636	57.647058823529406	4980	00:39:00
616649	57.647058823529406	4980	00:39:00
617646	57.647058823529406	4980	00:39:00
14|6
543905	57.647058823529406	5387	10:21:00
572538	57.647058823529406	5387	10:21:00
28590	57.647058823529406	5391	05:24:00
268594	57.647058823529406	5392	14:37:00
308881	57.647058823529406	5392	14:37:00
334831	57.647058823529406	5392	14:37:00
15|6
281112	57.647058823529406	5712	16:08:00
309256	57.647058823529406	5721	07:15:00
496762	57.647058823529406	5731	09:54:00
614925	57.647058823529406	5735	06:47:00
165824	57.647058823529406	5743	07:40:00
367313	57.647058823529406	5771	08:08:00
16|6
550452	57.647058823529406	5135	20:54:00
56437	57.647058823529406	5137	21:16:00
13379	57.647058823529406	5141	20:35:00
39046	57.647058823529406	5141	20:53:00
405897	57.647058823529406	5156	16:44:00
267723	57.647058823529406	5189	10:04:00
17|6
25205	57.647058823529406	4934	13:12:00
103410	57.647058823529406	4935	22:39:00
624550	57.647058823529406	4935	22:44:00
338242	57.647058823529406	4935	22:48:00
25311	57.647058823529406	4935	22:57:00
47310	57.647058823529406	4935	22:58:00
18|6
359811	57.647058823529406	5886	09:59:00
576535	57.647058823529406	5886	09:59:00
260310	57.647058823529406	5950	23:02:00
49509	57.647058823529406	6161	18:54:00
206975	57.647058823529406	6161	18:54:00
252459	57.647058823529406	6161	19:52:00
19|6
539904	57.647058823529406	4896	12:27:00
548098	57.647058823529406	4896	12:27:00
592747	57.647058823529406	4896	12:27:00
600770	57.647058823529406	4896	12:27:00
608376	57.647058823529406	4896	12:27:00
622325	57.647058823529406	4896	12:27:00
20|6
489371	57.647058823529406	4025	13:01:00
517526	57.647058823529406	4025	13:01:00
538823	57.647058823529406	4025	13:01:00
540934	57.647058823529406	4025	13:01:00
600770	57.647058823529406	4025	13:01:00
607946	57.647058823529406	4025	13:01:00
21|6
116469	57.647058823529406	4477	20:08:00
33730	57.647058823529406	4477	20:11:00
100025	57.647058823529406	4477	20:11:00
95970	57.647058823529406	4477	20:15:00
267723	57.647058823529406	4477	20:15:00
449769	57.647058823529406	4477	20:15:00
22|6
559390	57.647058823529406	4394	19:58:00
152442	57.647058823529406	4394	20:53:00
182003	57.647058823529406	4394	20:53:00
225679	57.647058823529406	4394	20:53:00
41414	57.647058823529406	4394	21:00:00
106447	57.647058823529406	4423	15:53:00
23|6
540166	57.647058823529406	4736	06:24:00
389637	57.647058823529406	4739	03:02:00
44531	57.647058823529406	4797	05:16:00
130559	57.647058823529406	4800	03:17:00
173049	57.647058823529406	4801	01:57:00
48550	57.647058823529406	4892	02:30:00
24|6
459622	57.647058823529406	5029	13:41:00
112126	57.647058823529406	5038	14:19:00
614925	57.647058823529406	5074	10:24:00
489371	57.647058823529406	5092	13:59:00
85222	57.647058823529406	5121	08:19:00
181089	57.647058823529406	5121	09:07:00
25|6
563692	57.647058823529406	3652	23:16:00
582591	57.647058823529406	3652	23:16:00
600770	57.647058823529406	3652	23:16:00
607946	57.647058823529406	3652	23:16:00
274703	57.647058823529406	3652	23:17:00
362307	57.647058823529406	3652	23:19:00
26|6
614243	57.647058823529406	4315	19:25:00
617646	57.647058823529406	4315	19:25:00
622325	57.647058823529406	4315	19:25:00
55629	57.647058823529406	4315	19:32:00
363904	57.647058823529406	4315	19:32:00
373402	57.647058823529406	4315	19:32:00
27|6
169081	57.647058823529406	4637	07:48:00
386683	57.647058823529406	4637	07:48:00
224051	57.647058823529406	4703	06:34:00
436056	57.647058823529406	4800	15:25:00
473055	57.647058823529406	4902	17:21:00
26226	57.647058823529406	4902	17:29:00
28|6
75707	57.647058823529406	6028	02:29:00
397543	57.647058823529406	6028	02:29:00
298685	57.647058823529406	6028	02:32:00
75410	57.647058823529406	6028	02:34:00
567631	57.647058823529406	6028	02:34:00
578903	57.647058823529406	6028	02:39:00
29|6
184754	57.647058823529406	5518	03:54:00
556366	57.647058823529406	5518	03:54:00
238646	57.647058823529406	5518	03:56:00
7876	57.647058823529406	5518	03:57:00
302000	57.647058823529406	5518	03:57:00
569396	57.647058823529406	5619	19:41:00
30|6
267846	57.647058823529406	3630	21:31:00
467178	57.647058823529406	3630	21:31:00
444949	57.647058823529406	4709	13:03:00
489457	57.647058823529406	4709	13:14:00
529957	57.647058823529406	4709	13:16:00
552786	57.647058823529406	4709	13:24:00
31|6
123929	57.647058823529406	5344	20:38:00
98718	57.647058823529406	5352	09:05:00
195434	57.647058823529406	5353	23:27:00
588686	57.647058823529406	5353	23:35:00
604347	57.647058823529406	5370	16:36:00
17497	57.647058823529406	5414	18:31:00
32|6
358441	57.647058823529406	4308	18:24:00
440694	57.647058823529406	4308	18:24:00
577474	57.647058823529406	4308	18:24:00
266281	57.647058823529406	4308	18:25:00
371598	57.647058823529406	4308	18:25:00
564115	57.647058823529406	4308	18:25:00
33|6
75943	57.647058823529406	4063	08:45:00
355155	57.647058823529406	4063	08:53:00
564115	57.647058823529406	4063	08:54:00
364683	57.647058823529406	4063	09:01:00
437608	57.647058823529406	4063	09:01:00
603145	57.647058823529406	4063	09:01:00
34|6
1188	57.647058823529406	4384	15:40:00
4132	57.647058823529406	4384	15:40:00
30125	57.647058823529406	4384	15:40:00
36422	57.647058823529406	4384	15:40:00
421158	57.647058823529406	4384	15:40:00
482854	57.647058823529406	4384	15:40:00
35|6
529098	57.647058823529406	5494	14:35:00
559371	57.647058823529406	5494	15:48:00
237542	57.647058823529406	5494	15:50:00
549463	57.647058823529406	5494	15:50:00
381626	57.647058823529406	5494	16:17:00
407756	57.647058823529406	5494	16:17:00
36|6
571905	57.647058823529406	4001	20:14:00
198370	57.647058823529406	4002	16:25:00
347177	57.647058823529406	4002	16:37:00
27598	57.647058823529406	4002	16:55:00
551806	57.647058823529406	4002	16:56:00
193586	57.647058823529406	4002	17:29:00
37|6
169627	57.647058823529406	5122	13:00:00
130254	57.647058823529406	5122	13:04:00
141393	57.647058823529406	5122	13:04:00
469645	57.647058823529406	5122	14:08:00
84209	57.647058823529406	5122	15:39:00
280641	57.647058823529406	5122	15:46:00
38|6
504528	57.647058823529406	5397	07:55:00
517718	57.647058823529406	5397	07:55:00
532569	57.647058823529406	5397	07:55:00
614243	57.647058823529406	5397	07:55:00
614925	57.647058823529406	5397	07:55:00
622325	57.647058823529406	5397	07:55:00
39|6
614925	57.647058823529406	4316	22:00:00
34525	57.647058823529406	4316	22:31:00
540166	57.647058823529406	4316	22:31:00
327744	57.647058823529406	4316	22:34:00
9986	57.647058823529406	4316	22:38:00
536930	57.647058823529406	4316	22:38:00
40|6
328269	57.647058823529406	4596	07:29:00
195544	57.647058823529406	4596	07:32:00
186013	57.647058823529406	4596	07:35:00
213529	57.647058823529406	4596	07:35:00
257054	57.647058823529406	4596	07:35:00
509660	57.647058823529406	4596	07:40:00
41|6
498148	57.647058823529406	3878	14:36:00
113311	57.647058823529406	3883	01:17:00
571579	57.647058823529406	3972	15:05:00
199025	57.647058823529406	4303	21:08:00
375693	57.647058823529406	4303	21:08:00
591163	57.647058823529406	4303	21:08:00
42|6
134908	57.647058823529406	4596	13:45:00
303711	57.647058823529406	4597	08:56:00
3669	57.647058823529406	4597	09:58:00
458099	57.647058823529406	4598	08:21:00
82555	57.647058823529406	4598	10:13:00
248920	57.647058823529406	4598	10:13:00
43|6
309068	57.647058823529406	4635	00:15:00
328957	57.647058823529406	4635	00:15:00
376863	57.647058823529406	4635	00:15:00
60117	57.647058823529406	4635	00:20:00
409361	57.647058823529406	4635	00:20:00
581975	57.647058823529406	4641	08:55:00
