0|6
550452	59.6078431372549	5229	18:10:00
323933	59.6078431372549	5802	11:05:00
159248	59.6078431372549	5802	11:27:00
554099	59.6078431372549	5815	16:02:00
70896	59.6078431372549	5815	16:26:00
518385	59.6078431372549	5815	16:38:00
1|6
614243	59.6078431372549	5424	15:27:00
616649	59.6078431372549	5424	15:27:00
617646	59.6078431372549	5424	15:27:00
620594	59.6078431372549	5424	15:27:00
622325	59.6078431372549	5424	15:27:00
623778	59.6078431372549	5424	15:27:00
2|6
521716	59.6078431372549	4220	10:26:00
531386	59.6078431372549	4220	10:26:00
534002	59.6078431372549	4220	10:26:00
602548	59.6078431372549	4220	10:26:00
297989	59.6078431372549	5332	13:11:00
532569	59.6078431372549	5332	13:13:00
3|6
266898	59.6078431372549	3811	14:01:00
577089	59.6078431372549	3811	14:07:00
418340	59.6078431372549	3811	14:50:00
489371	59.6078431372549	4387	18:43:00
541471	59.6078431372549	4387	19:16:00
230010	59.6078431372549	4458	14:32:00
4|6
160409	59.6078431372549	4859	11:24:00
309265	59.6078431372549	4866	13:54:00
566574	59.6078431372549	4866	13:54:00
94767	59.6078431372549	4885	13:18:00
617491	59.6078431372549	4893	13:40:00
561044	59.6078431372549	4894	13:41:00
5|6
55372	59.6078431372549	5226	13:41:00
568050	59.6078431372549	5226	13:41:00
614805	59.6078431372549	5226	13:41:00
374622	59.6078431372549	5226	13:42:00
390355	59.6078431372549	5226	13:42:00
600781	59.6078431372549	5226	13:42:00
6|6
34428	59.6078431372549	5092	15:36:00
370386	59.6078431372549	5092	15:36:00
614925	59.6078431372549	5092	15:37:00
248723	59.6078431372549	5092	15:40:00
252962	59.6078431372549	5092	15:40:00
504528	59.6078431372549	5092	15:40:00
7|6
591369	59.6078431372549	6033	19:54:00
28621	59.6078431372549	6033	19:55:00
40189	59.6078431372549	6033	19:55:00
434891	59.6078431372549	6033	19:55:00
80657	59.6078431372549	6033	19:57:00
532790	59.6078431372549	6033	20:00:00
8|6
532569	59.6078431372549	4998	14:28:00
558154	59.6078431372549	4998	14:28:00
569179	59.6078431372549	4998	14:28:00
574204	59.6078431372549	4998	14:28:00
622325	59.6078431372549	4998	14:28:00
213829	59.6078431372549	4998	14:50:00
9|6
531386	59.6078431372549	4607	22:13:00
532569	59.6078431372549	4607	22:13:00
592747	59.6078431372549	4607	22:13:00
602602	59.6078431372549	4607	22:13:00
614925	59.6078431372549	4607	22:13:00
622325	59.6078431372549	4607	22:13:00
10|6
453396	59.6078431372549	3546	10:12:00
587636	59.6078431372549	3546	10:12:00
591461	59.6078431372549	3546	10:12:00
596241	59.6078431372549	3546	10:12:00
612520	59.6078431372549	3546	10:12:00
616649	59.6078431372549	3546	10:12:00
11|6
533053	59.6078431372549	4665	22:26:00
2273	59.6078431372549	4670	19:46:00
117627	59.6078431372549	4670	19:47:00
436796	59.6078431372549	4670	19:48:00
613923	59.6078431372549	4670	19:52:00
359283	59.6078431372549	4670	19:56:00
12|6
275010	59.6078431372549	5070	00:06:00
46030	59.6078431372549	5070	00:17:00
29235	59.6078431372549	5070	00:19:00
498179	59.6078431372549	5070	00:19:00
556541	59.6078431372549	5070	00:19:00
558814	59.6078431372549	5172	14:59:00
13|6
546992	59.6078431372549	4980	00:39:00
567726	59.6078431372549	4980	00:39:00
583090	59.6078431372549	4980	00:39:00
587636	59.6078431372549	4980	00:39:00
616649	59.6078431372549	4980	00:39:00
617646	59.6078431372549	4980	00:39:00
14|6
543905	59.6078431372549	5387	10:21:00
572538	59.6078431372549	5387	10:21:00
28590	59.6078431372549	5391	05:24:00
268594	59.6078431372549	5392	14:37:00
308881	59.6078431372549	5392	14:37:00
334831	59.6078431372549	5392	14:37:00
15|6
281112	59.6078431372549	5712	16:08:00
309256	59.6078431372549	5721	07:15:00
496762	59.6078431372549	5731	09:54:00
614925	59.6078431372549	5735	06:47:00
165824	59.6078431372549	5743	07:40:00
367313	59.6078431372549	5771	08:08:00
16|6
550452	59.6078431372549	5135	20:54:00
56437	59.6078431372549	5137	21:16:00
13379	59.6078431372549	5141	20:35:00
39046	59.6078431372549	5141	20:53:00
405897	59.6078431372549	5156	16:44:00
267723	59.6078431372549	5189	10:04:00
17|6
25205	59.6078431372549	4934	13:12:00
103410	59.6078431372549	4935	22:39:00
624550	59.6078431372549	4935	22:44:00
338242	59.6078431372549	4935	22:48:00
25311	59.6078431372549	4935	22:57:00
47310	59.6078431372549	4935	22:58:00
18|6
359811	59.6078431372549	5886	09:59:00
576535	59.6078431372549	5886	09:59:00
260310	59.6078431372549	5950	23:02:00
49509	59.6078431372549	6161	18:54:00
206975	59.6078431372549	6161	18:54:00
252459	59.6078431372549	6161	19:52:00
19|6
539904	59.6078431372549	4896	12:27:00
548098	59.6078431372549	4896	12:27:00
592747	59.6078431372549	4896	12:27:00
600770	59.6078431372549	4896	12:27:00
608376	59.6078431372549	4896	12:27:00
622325	59.6078431372549	4896	12:27:00
20|6
489371	59.6078431372549	4025	13:01:00
517526	59.6078431372549	4025	13:01:00
538823	59.6078431372549	4025	13:01:00
540934	59.6078431372549	4025	13:01:00
600770	59.6078431372549	4025	13:01:00
607946	59.6078431372549	4025	13:01:00
21|6
116469	59.6078431372549	4477	20:08:00
33730	59.6078431372549	4477	20:11:00
100025	59.6078431372549	4477	20:11:00
95970	59.6078431372549	4477	20:15:00
267723	59.6078431372549	4477	20:15:00
449769	59.6078431372549	4477	20:15:00
22|6
559390	59.6078431372549	4394	19:58:00
152442	59.6078431372549	4394	20:53:00
182003	59.6078431372549	4394	20:53:00
225679	59.6078431372549	4394	20:53:00
41414	59.6078431372549	4394	21:00:00
106447	59.6078431372549	4423	15:53:00
23|6
540166	59.6078431372549	4736	06:24:00
389637	59.6078431372549	4739	03:02:00
44531	59.6078431372549	4797	05:16:00
130559	59.6078431372549	4800	03:17:00
173049	59.6078431372549	4801	01:57:00
48550	59.6078431372549	4892	02:30:00
24|6
459622	59.6078431372549	5029	13:41:00
112126	59.6078431372549	5038	14:19:00
614925	59.6078431372549	5074	10:24:00
489371	59.6078431372549	5092	13:59:00
85222	59.6078431372549	5121	08:19:00
181089	59.6078431372549	5121	09:07:00
25|6
563692	59.6078431372549	3652	23:16:00
582591	59.6078431372549	3652	23:16:00
600770	59.6078431372549	3652	23:16:00
607946	59.6078431372549	3652	23:16:00
274703	59.6078431372549	3652	23:17:00
362307	59.6078431372549	3652	23:19:00
26|6
614243	59.6078431372549	4315	19:25:00
617646	59.6078431372549	4315	19:25:00
622325	59.6078431372549	4315	19:25:00
55629	59.6078431372549	4315	19:32:00
363904	59.6078431372549	4315	19:32:00
373402	59.6078431372549	4315	19:32:00
27|6
169081	59.6078431372549	4637	07:48:00
386683	59.6078431372549	4637	07:48:00
224051	59.6078431372549	4703	06:34:00
436056	59.6078431372549	4800	15:25:00
473055	59.6078431372549	4902	17:21:00
26226	59.6078431372549	4902	17:29:00
28|6
75707	59.6078431372549	6028	02:29:00
397543	59.6078431372549	6028	02:29:00
298685	59.6078431372549	6028	02:32:00
75410	59.6078431372549	6028	02:34:00
567631	59.6078431372549	6028	02:34:00
578903	59.6078431372549	6028	02:39:00
29|6
184754	59.6078431372549	5518	03:54:00
556366	59.6078431372549	5518	03:54:00
238646	59.6078431372549	5518	03:56:00
7876	59.6078431372549	5518	03:57:00
302000	59.6078431372549	5518	03:57:00
569396	59.6078431372549	5619	19:41:00
30|6
267846	59.6078431372549	3630	21:31:00
467178	59.6078431372549	3630	21:31:00
444949	59.6078431372549	4709	13:03:00
489457	59.6078431372549	4709	13:14:00
529957	59.6078431372549	4709	13:16:00
552786	59.6078431372549	4709	13:24:00
31|6
123929	59.6078431372549	5344	20:38:00
98718	59.6078431372549	5352	09:05:00
195434	59.6078431372549	5353	23:27:00
588686	59.6078431372549	5353	23:35:00
604347	59.6078431372549	5370	16:36:00
17497	59.6078431372549	5414	18:31:00
32|6
358441	59.6078431372549	4308	18:24:00
440694	59.6078431372549	4308	18:24:00
577474	59.6078431372549	4308	18:24:00
266281	59.6078431372549	4308	18:25:00
371598	59.6078431372549	4308	18:25:00
564115	59.6078431372549	4308	18:25:00
33|6
75943	59.6078431372549	4063	08:45:00
355155	59.6078431372549	4063	08:53:00
564115	59.6078431372549	4063	08:54:00
364683	59.6078431372549	4063	09:01:00
437608	59.6078431372549	4063	09:01:00
603145	59.6078431372549	4063	09:01:00
34|6
1188	59.6078431372549	4384	15:40:00
4132	59.6078431372549	4384	15:40:00
30125	59.6078431372549	4384	15:40:00
36422	59.6078431372549	4384	15:40:00
421158	59.6078431372549	4384	15:40:00
482854	59.6078431372549	4384	15:40:00
35|6
529098	59.6078431372549	5494	14:35:00
559371	59.6078431372549	5494	15:48:00
237542	59.6078431372549	5494	15:50:00
549463	59.6078431372549	5494	15:50:00
381626	59.6078431372549	5494	16:17:00
407756	59.6078431372549	5494	16:17:00
36|6
571905	59.6078431372549	4001	20:14:00
198370	59.6078431372549	4002	16:25:00
347177	59.6078431372549	4002	16:37:00
27598	59.6078431372549	4002	16:55:00
551806	59.6078431372549	4002	16:56:00
193586	59.6078431372549	4002	17:29:00
37|6
169627	59.6078431372549	5122	13:00:00
130254	59.6078431372549	5122	13:04:00
141393	59.6078431372549	5122	13:04:00
469645	59.6078431372549	5122	14:08:00
84209	59.6078431372549	5122	15:39:00
280641	59.6078431372549	5122	15:46:00
38|6
504528	59.6078431372549	5397	07:55:00
517718	59.6078431372549	5397	07:55:00
532569	59.6078431372549	5397	07:55:00
614243	59.6078431372549	5397	07:55:00
614925	59.6078431372549	5397	07:55:00
622325	59.6078431372549	5397	07:55:00
39|6
614925	59.6078431372549	4316	22:00:00
34525	59.6078431372549	4316	22:31:00
540166	59.6078431372549	4316	22:31:00
327744	59.6078431372549	4316	22:34:00
9986	59.6078431372549	4316	22:38:00
536930	59.6078431372549	4316	22:38:00
40|6
328269	59.6078431372549	4596	07:29:00
195544	59.6078431372549	4596	07:32:00
186013	59.6078431372549	4596	07:35:00
213529	59.6078431372549	4596	07:35:00
257054	59.6078431372549	4596	07:35:00
509660	59.6078431372549	4596	07:40:00
41|6
498148	59.6078431372549	3878	14:36:00
113311	59.6078431372549	3883	01:17:00
571579	59.6078431372549	3972	15:05:00
199025	59.6078431372549	4303	21:08:00
375693	59.6078431372549	4303	21:08:00
591163	59.6078431372549	4303	21:08:00
42|6
134908	59.6078431372549	4596	13:45:00
303711	59.6078431372549	4597	08:56:00
3669	59.6078431372549	4597	09:58:00
458099	59.6078431372549	4598	08:21:00
82555	59.6078431372549	4598	10:13:00
248920	59.6078431372549	4598	10:13:00
43|6
309068	59.6078431372549	4635	00:15:00
328957	59.6078431372549	4635	00:15:00
376863	59.6078431372549	4635	00:15:00
60117	59.6078431372549	4635	00:20:00
409361	59.6078431372549	4635	00:20:00
581975	59.6078431372549	4641	08:55:00
