0|6
550452	60.0	5229	18:10:00
323933	60.0	5802	11:05:00
159248	60.0	5802	11:27:00
554099	60.0	5815	16:02:00
70896	60.0	5815	16:26:00
518385	60.0	5815	16:38:00
1|6
614243	60.0	5424	15:27:00
616649	60.0	5424	15:27:00
617646	60.0	5424	15:27:00
620594	60.0	5424	15:27:00
622325	60.0	5424	15:27:00
623778	60.0	5424	15:27:00
2|6
521716	60.0	4220	10:26:00
531386	60.0	4220	10:26:00
534002	60.0	4220	10:26:00
602548	60.0	4220	10:26:00
297989	60.0	5332	13:11:00
532569	60.0	5332	13:13:00
3|6
266898	60.0	3811	14:01:00
577089	60.0	3811	14:07:00
418340	60.0	3811	14:50:00
489371	60.0	4387	18:43:00
541471	60.0	4387	19:16:00
230010	60.0	4458	14:32:00
4|6
160409	60.0	4859	11:24:00
309265	60.0	4866	13:54:00
566574	60.0	4866	13:54:00
94767	60.0	4885	13:18:00
617491	60.0	4893	13:40:00
561044	60.0	4894	13:41:00
5|6
55372	60.0	5226	13:41:00
568050	60.0	5226	13:41:00
614805	60.0	5226	13:41:00
374622	60.0	5226	13:42:00
390355	60.0	5226	13:42:00
600781	60.0	5226	13:42:00
6|6
34428	60.0	5092	15:36:00
370386	60.0	5092	15:36:00
614925	60.0	5092	15:37:00
248723	60.0	5092	15:40:00
252962	60.0	5092	15:40:00
504528	60.0	5092	15:40:00
7|6
591369	60.0	6033	19:54:00
28621	60.0	6033	19:55:00
40189	60.0	6033	19:55:00
434891	60.0	6033	19:55:00
80657	60.0	6033	19:57:00
532790	60.0	6033	20:00:00
8|6
532569	60.0	4998	14:28:00
558154	60.0	4998	14:28:00
569179	60.0	4998	14:28:00
574204	60.0	4998	14:28:00
622325	60.0	4998	14:28:00
213829	60.0	4998	14:50:00
9|6
531386	60.0	4607	22:13:00
532569	60.0	4607	22:13:00
592747	60.0	4607	22:13:00
602602	60.0	4607	22:13:00
614925	60.0	4607	22:13:00
622325	60.0	4607	22:13:00
10|6
453396	60.0	3546	10:12:00
587636	60.0	3546	10:12:00
591461	60.0	3546	10:12:00
596241	60.0	3546	10:12:00
612520	60.0	3546	10:12:00
616649	60.0	3546	10:12:00
11|6
533053	60.0	4665	22:26:00
2273	60.0	4670	19:46:00
117627	60.0	4670	19:47:00
436796	60.0	4670	19:48:00
613923	60.0	4670	19:52:00
359283	60.0	4670	19:56:00
12|6
275010	60.0	5070	00:06:00
46030	60.0	5070	00:17:00
29235	60.0	5070	00:19:00
498179	60.0	5070	00:19:00
556541	60.0	5070	00:19:00
558814	60.0	5172	14:59:00
13|6
546992	60.0	4980	00:39:00
567726	60.0	4980	00:39:00
583090	60.0	4980	00:39:00
587636	60.0	4980	00:39:00
616649	60.0	4980	00:39:00
617646	60.0	4980	00:39:00
14|6
543905	60.0	5387	10:21:00
572538	60.0	5387	10:21:00
28590	60.0	5391	05:24:00
268594	60.0	5392	14:37:00
308881	60.0	5392	14:37:00
334831	60.0	5392	14:37:00
15|6
281112	60.0	5712	16:08:00
309256	60.0	5721	07:15:00
496762	60.0	5731	09:54:00
614925	60.0	5735	06:47:00
165824	60.0	5743	07:40:00
367313	60.0	5771	08:08:00
16|6
550452	60.0	5135	20:54:00
56437	60.0	5137	21:16:00
13379	60.0	5141	20:35:00
39046	60.0	5141	20:53:00
405897	60.0	5156	16:44:00
267723	60.0	5189	10:04:00
17|6
25205	60.0	4934	13:12:00
103410	60.0	4935	22:39:00
624550	60.0	4935	22:44:00
338242	60.0	4935	22:48:00
25311	60.0	4935	22:57:00
47310	60.0	4935	22:58:00
18|6
359811	60.0	5886	09:59:00
576535	60.0	5886	09:59:00
260310	60.0	5950	23:02:00
49509	60.0	6161	18:54:00
206975	60.0	6161	18:54:00
252459	60.0	6161	19:52:00
19|6
539904	60.0	4896	12:27:00
548098	60.0	4896	12:27:00
592747	60.0	4896	12:27:00
600770	60.0	4896	12:27:00
608376	60.0	4896	12:27:00
622325	60.0	4896	12:27:00
20|6
489371	60.0	4025	13:01:00
517526	60.0	4025	13:01:00
538823	60.0	4025	13:01:00
540934	60.0	4025	13:01:00
600770	60.0	4025	13:01:00
607946	60.0	4025	13:01:00
21|6
116469	60.0	4477	20:08:00
33730	60.0	4477	20:11:00
100025	60.0	4477	20:11:00
95970	60.0	4477	20:15:00
267723	60.0	4477	20:15:00
449769	60.0	4477	20:15:00
22|6
559390	60.0	4394	19:58:00
152442	60.0	4394	20:53:00
182003	60.0	4394	20:53:00
225679	60.0	4394	20:53:00
41414	60.0	4394	21:00:00
106447	60.0	4423	15:53:00
23|6
540166	60.0	4736	06:24:00
389637	60.0	4739	03:02:00
44531	60.0	4797	05:16:00
130559	60.0	4800	03:17:00
173049	60.0	4801	01:57:00
48550	60.0	4892	02:30:00
24|6
459622	60.0	5029	13:41:00
112126	60.0	5038	14:19:00
614925	60.0	5074	10:24:00
489371	60.0	5092	13:59:00
85222	60.0	5121	08:19:00
181089	60.0	5121	09:07:00
25|6
563692	60.0	3652	23:16:00
582591	60.0	3652	23:16:00
600770	60.0	3652	23:16:00
607946	60.0	3652	23:16:00
274703	60.0	3652	23:17:00
362307	60.0	3652	23:19:00
26|6
614243	60.0	4315	19:25:00
617646	60.0	4315	19:25:00
622325	60.0	4315	19:25:00
55629	60.0	4315	19:32:00
363904	60.0	4315	19:32:00
373402	60.0	4315	19:32:00
27|6
169081	60.0	4637	07:48:00
386683	60.0	4637	07:48:00
224051	60.0	4703	06:34:00
436056	60.0	4800	15:25:00
473055	60.0	4902	17:21:00
26226	60.0	4902	17:29:00
28|6
75707	60.0	6028	02:29:00
397543	60.0	6028	02:29:00
298685	60.0	6028	02:32:00
75410	60.0	6028	02:34:00
567631	60.0	6028	02:34:00
578903	60.0	6028	02:39:00
29|6
184754	60.0	5518	03:54:00
556366	60.0	5518	03:54:00
238646	60.0	5518	03:56:00
7876	60.0	5518	03:57:00
302000	60.0	5518	03:57:00
569396	60.0	5619	19:41:00
30|6
267846	60.0	3630	21:31:00
467178	60.0	3630	21:31:00
444949	60.0	4709	13:03:00
489457	60.0	4709	13:14:00
529957	60.0	4709	13:16:00
552786	60.0	4709	13:24:00
31|6
123929	60.0	5344	20:38:00
98718	60.0	5352	09:05:00
195434	60.0	5353	23:27:00
588686	60.0	5353	23:35:00
604347	60.0	5370	16:36:00
17497	60.0	5414	18:31:00
32|6
358441	60.0	4308	18:24:00
440694	60.0	4308	18:24:00
577474	60.0	4308	18:24:00
266281	60.0	4308	18:25:00
371598	60.0	4308	18:25:00
564115	60.0	4308	18:25:00
33|6
75943	60.0	4063	08:45:00
355155	60.0	4063	08:53:00
564115	60.0	4063	08:54:00
364683	60.0	4063	09:01:00
437608	60.0	4063	09:01:00
603145	60.0	4063	09:01:00
34|6
1188	60.0	4384	15:40:00
4132	60.0	4384	15:40:00
30125	60.0	4384	15:40:00
36422	60.0	4384	15:40:00
421158	60.0	4384	15:40:00
482854	60.0	4384	15:40:00
35|6
529098	60.0	5494	14:35:00
559371	60.0	5494	15:48:00
237542	60.0	5494	15:50:00
549463	60.0	5494	15:50:00
381626	60.0	5494	16:17:00
407756	60.0	5494	16:17:00
36|6
571905	60.0	4001	20:14:00
198370	60.0	4002	16:25:00
347177	60.0	4002	16:37:00
27598	60.0	4002	16:55:00
551806	60.0	4002	16:56:00
193586	60.0	4002	17:29:00
37|6
169627	60.0	5122	13:00:00
130254	60.0	5122	13:04:00
141393	60.0	5122	13:04:00
469645	60.0	5122	14:08:00
84209	60.0	5122	15:39:00
280641	60.0	5122	15:46:00
38|6
504528	60.0	5397	07:55:00
517718	60.0	5397	07:55:00
532569	60.0	5397	07:55:00
614243	60.0	5397	07:55:00
614925	60.0	5397	07:55:00
622325	60.0	5397	07:55:00
39|6
614925	60.0	4316	22:00:00
34525	60.0	4316	22:31:00
540166	60.0	4316	22:31:00
327744	60.0	4316	22:34:00
9986	60.0	4316	22:38:00
536930	60.0	4316	22:38:00
40|6
328269	60.0	4596	07:29:00
195544	60.0	4596	07:32:00
186013	60.0	4596	07:35:00
213529	60.0	4596	07:35:00
257054	60.0	4596	07:35:00
509660	60.0	4596	07:40:00
41|6
498148	60.0	3878	14:36:00
113311	60.0	3883	01:17:00
571579	60.0	3972	15:05:00
199025	60.0	4303	21:08:00
375693	60.0	4303	21:08:00
591163	60.0	4303	21:08:00
42|6
134908	60.0	4596	13:45:00
303711	60.0	4597	08:56:00
3669	60.0	4597	09:58:00
458099	60.0	4598	08:21:00
82555	60.0	4598	10:13:00
248920	60.0	4598	10:13:00
43|6
309068	60.0	4635	00:15:00
328957	60.0	4635	00:15:00
376863	60.0	4635	00:15:00
60117	60.0	4635	00:20:00
409361	60.0	4635	00:20:00
581975	60.0	4641	08:55:00
