0|6
550452	65.88235294117646	5229	18:10:00
323933	65.88235294117646	5802	11:05:00
159248	65.88235294117646	5802	11:27:00
554099	65.88235294117646	5815	16:02:00
70896	65.88235294117646	5815	16:26:00
518385	65.88235294117646	5815	16:38:00
1|6
614243	65.88235294117646	5424	15:27:00
616649	65.88235294117646	5424	15:27:00
617646	65.88235294117646	5424	15:27:00
620594	65.88235294117646	5424	15:27:00
622325	65.88235294117646	5424	15:27:00
623778	65.88235294117646	5424	15:27:00
2|6
521716	65.88235294117646	4220	10:26:00
531386	65.88235294117646	4220	10:26:00
534002	65.88235294117646	4220	10:26:00
602548	65.88235294117646	4220	10:26:00
297989	65.88235294117646	5332	13:11:00
532569	65.88235294117646	5332	13:13:00
3|6
266898	65.88235294117646	3811	14:01:00
577089	65.88235294117646	3811	14:07:00
418340	65.88235294117646	3811	14:50:00
489371	65.88235294117646	4387	18:43:00
541471	65.88235294117646	4387	19:16:00
230010	65.88235294117646	4458	14:32:00
4|6
160409	65.88235294117646	4859	11:24:00
309265	65.88235294117646	4866	13:54:00
566574	65.88235294117646	4866	13:54:00
94767	65.88235294117646	4885	13:18:00
617491	65.88235294117646	4893	13:40:00
561044	65.88235294117646	4894	13:41:00
5|6
55372	65.88235294117646	5226	13:41:00
568050	65.88235294117646	5226	13:41:00
614805	65.88235294117646	5226	13:41:00
374622	65.88235294117646	5226	13:42:00
390355	65.88235294117646	5226	13:42:00
600781	65.88235294117646	5226	13:42:00
6|6
34428	65.88235294117646	5092	15:36:00
370386	65.88235294117646	5092	15:36:00
614925	65.88235294117646	5092	15:37:00
248723	65.88235294117646	5092	15:40:00
252962	65.88235294117646	5092	15:40:00
504528	65.88235294117646	5092	15:40:00
7|6
591369	65.88235294117646	6033	19:54:00
28621	65.88235294117646	6033	19:55:00
40189	65.88235294117646	6033	19:55:00
434891	65.88235294117646	6033	19:55:00
80657	65.88235294117646	6033	19:57:00
532790	65.88235294117646	6033	20:00:00
8|6
532569	65.88235294117646	4998	14:28:00
558154	65.88235294117646	4998	14:28:00
569179	65.88235294117646	4998	14:28:00
574204	65.88235294117646	4998	14:28:00
622325	65.88235294117646	4998	14:28:00
213829	65.88235294117646	4998	14:50:00
9|6
531386	65.88235294117646	4607	22:13:00
532569	65.88235294117646	4607	22:13:00
592747	65.88235294117646	4607	22:13:00
602602	65.88235294117646	4607	22:13:00
614925	65.88235294117646	4607	22:13:00
622325	65.88235294117646	4607	22:13:00
10|6
453396	65.88235294117646	3546	10:12:00
587636	65.88235294117646	3546	10:12:00
591461	65.88235294117646	3546	10:12:00
596241	65.88235294117646	3546	10:12:00
612520	65.88235294117646	3546	10:12:00
616649	65.88235294117646	3546	10:12:00
11|6
533053	65.88235294117646	4665	22:26:00
2273	65.88235294117646	4670	19:46:00
117627	65.88235294117646	4670	19:47:00
436796	65.88235294117646	4670	19:48:00
613923	65.88235294117646	4670	19:52:00
359283	65.88235294117646	4670	19:56:00
12|6
275010	65.88235294117646	5070	00:06:00
46030	65.88235294117646	5070	00:17:00
29235	65.88235294117646	5070	00:19:00
498179	65.88235294117646	5070	00:19:00
556541	65.88235294117646	5070	00:19:00
558814	65.88235294117646	5172	14:59:00
13|6
546992	65.88235294117646	4980	00:39:00
567726	65.88235294117646	4980	00:39:00
583090	65.88235294117646	4980	00:39:00
587636	65.88235294117646	4980	00:39:00
616649	65.88235294117646	4980	00:39:00
617646	65.88235294117646	4980	00:39:00
14|6
543905	65.88235294117646	5387	10:21:00
572538	65.88235294117646	5387	10:21:00
28590	65.88235294117646	5391	05:24:00
268594	65.88235294117646	5392	14:37:00
308881	65.88235294117646	5392	14:37:00
334831	65.88235294117646	5392	14:37:00
15|6
281112	65.88235294117646	5712	16:08:00
309256	65.88235294117646	5721	07:15:00
496762	65.88235294117646	5731	09:54:00
614925	65.88235294117646	5735	06:47:00
165824	65.88235294117646	5743	07:40:00
367313	65.88235294117646	5771	08:08:00
16|6
550452	65.88235294117646	5135	20:54:00
56437	65.88235294117646	5137	21:16:00
13379	65.88235294117646	5141	20:35:00
39046	65.88235294117646	5141	20:53:00
405897	65.88235294117646	5156	16:44:00
267723	65.88235294117646	5189	10:04:00
17|6
25205	65.88235294117646	4934	13:12:00
103410	65.88235294117646	4935	22:39:00
624550	65.88235294117646	4935	22:44:00
338242	65.88235294117646	4935	22:48:00
25311	65.88235294117646	4935	22:57:00
47310	65.88235294117646	4935	22:58:00
18|6
359811	65.88235294117646	5886	09:59:00
576535	65.88235294117646	5886	09:59:00
260310	65.88235294117646	5950	23:02:00
49509	65.88235294117646	6161	18:54:00
206975	65.88235294117646	6161	18:54:00
252459	65.88235294117646	6161	19:52:00
19|6
539904	65.88235294117646	4896	12:27:00
548098	65.88235294117646	4896	12:27:00
592747	65.88235294117646	4896	12:27:00
600770	65.88235294117646	4896	12:27:00
608376	65.88235294117646	4896	12:27:00
622325	65.88235294117646	4896	12:27:00
20|6
489371	65.88235294117646	4025	13:01:00
517526	65.88235294117646	4025	13:01:00
538823	65.88235294117646	4025	13:01:00
540934	65.88235294117646	4025	13:01:00
600770	65.88235294117646	4025	13:01:00
607946	65.88235294117646	4025	13:01:00
21|6
116469	65.88235294117646	4477	20:08:00
33730	65.88235294117646	4477	20:11:00
100025	65.88235294117646	4477	20:11:00
95970	65.88235294117646	4477	20:15:00
267723	65.88235294117646	4477	20:15:00
449769	65.88235294117646	4477	20:15:00
22|6
559390	65.88235294117646	4394	19:58:00
152442	65.88235294117646	4394	20:53:00
182003	65.88235294117646	4394	20:53:00
225679	65.88235294117646	4394	20:53:00
41414	65.88235294117646	4394	21:00:00
106447	65.88235294117646	4423	15:53:00
23|6
540166	65.88235294117646	4736	06:24:00
389637	65.88235294117646	4739	03:02:00
44531	65.88235294117646	4797	05:16:00
130559	65.88235294117646	4800	03:17:00
173049	65.88235294117646	4801	01:57:00
48550	65.88235294117646	4892	02:30:00
24|6
459622	65.88235294117646	5029	13:41:00
112126	65.88235294117646	5038	14:19:00
614925	65.88235294117646	5074	10:24:00
489371	65.88235294117646	5092	13:59:00
85222	65.88235294117646	5121	08:19:00
181089	65.88235294117646	5121	09:07:00
25|6
563692	65.88235294117646	3652	23:16:00
582591	65.88235294117646	3652	23:16:00
600770	65.88235294117646	3652	23:16:00
607946	65.88235294117646	3652	23:16:00
274703	65.88235294117646	3652	23:17:00
362307	65.88235294117646	3652	23:19:00
26|6
614243	65.88235294117646	4315	19:25:00
617646	65.88235294117646	4315	19:25:00
622325	65.88235294117646	4315	19:25:00
55629	65.88235294117646	4315	19:32:00
363904	65.88235294117646	4315	19:32:00
373402	65.88235294117646	4315	19:32:00
27|6
169081	65.88235294117646	4637	07:48:00
386683	65.88235294117646	4637	07:48:00
224051	65.88235294117646	4703	06:34:00
436056	65.88235294117646	4800	15:25:00
473055	65.88235294117646	4902	17:21:00
26226	65.88235294117646	4902	17:29:00
28|6
75707	65.88235294117646	6028	02:29:00
397543	65.88235294117646	6028	02:29:00
298685	65.88235294117646	6028	02:32:00
75410	65.88235294117646	6028	02:34:00
567631	65.88235294117646	6028	02:34:00
578903	65.88235294117646	6028	02:39:00
29|6
184754	65.88235294117646	5518	03:54:00
556366	65.88235294117646	5518	03:54:00
238646	65.88235294117646	5518	03:56:00
7876	65.88235294117646	5518	03:57:00
302000	65.88235294117646	5518	03:57:00
569396	65.88235294117646	5619	19:41:00
30|6
267846	65.88235294117646	3630	21:31:00
467178	65.88235294117646	3630	21:31:00
444949	65.88235294117646	4709	13:03:00
489457	65.88235294117646	4709	13:14:00
529957	65.88235294117646	4709	13:16:00
552786	65.88235294117646	4709	13:24:00
31|6
123929	65.88235294117646	5344	20:38:00
98718	65.88235294117646	5352	09:05:00
195434	65.88235294117646	5353	23:27:00
588686	65.88235294117646	5353	23:35:00
604347	65.88235294117646	5370	16:36:00
17497	65.88235294117646	5414	18:31:00
32|6
358441	65.88235294117646	4308	18:24:00
440694	65.88235294117646	4308	18:24:00
577474	65.88235294117646	4308	18:24:00
266281	65.88235294117646	4308	18:25:00
371598	65.88235294117646	4308	18:25:00
564115	65.88235294117646	4308	18:25:00
33|6
75943	65.88235294117646	4063	08:45:00
355155	65.88235294117646	4063	08:53:00
564115	65.88235294117646	4063	08:54:00
364683	65.88235294117646	4063	09:01:00
437608	65.88235294117646	4063	09:01:00
603145	65.88235294117646	4063	09:01:00
34|6
1188	65.88235294117646	4384	15:40:00
4132	65.88235294117646	4384	15:40:00
30125	65.88235294117646	4384	15:40:00
36422	65.88235294117646	4384	15:40:00
421158	65.88235294117646	4384	15:40:00
482854	65.88235294117646	4384	15:40:00
35|6
529098	65.88235294117646	5494	14:35:00
559371	65.88235294117646	5494	15:48:00
237542	65.88235294117646	5494	15:50:00
549463	65.88235294117646	5494	15:50:00
381626	65.88235294117646	5494	16:17:00
407756	65.88235294117646	5494	16:17:00
36|6
571905	65.88235294117646	4001	20:14:00
198370	65.88235294117646	4002	16:25:00
347177	65.88235294117646	4002	16:37:00
27598	65.88235294117646	4002	16:55:00
551806	65.88235294117646	4002	16:56:00
193586	65.88235294117646	4002	17:29:00
37|6
169627	65.88235294117646	5122	13:00:00
130254	65.88235294117646	5122	13:04:00
141393	65.88235294117646	5122	13:04:00
469645	65.88235294117646	5122	14:08:00
84209	65.88235294117646	5122	15:39:00
280641	65.88235294117646	5122	15:46:00
38|6
504528	65.88235294117646	5397	07:55:00
517718	65.88235294117646	5397	07:55:00
532569	65.88235294117646	5397	07:55:00
614243	65.88235294117646	5397	07:55:00
614925	65.88235294117646	5397	07:55:00
622325	65.88235294117646	5397	07:55:00
39|6
614925	65.88235294117646	4316	22:00:00
34525	65.88235294117646	4316	22:31:00
540166	65.88235294117646	4316	22:31:00
327744	65.88235294117646	4316	22:34:00
9986	65.88235294117646	4316	22:38:00
536930	65.88235294117646	4316	22:38:00
40|6
328269	65.88235294117646	4596	07:29:00
195544	65.88235294117646	4596	07:32:00
186013	65.88235294117646	4596	07:35:00
213529	65.88235294117646	4596	07:35:00
257054	65.88235294117646	4596	07:35:00
509660	65.88235294117646	4596	07:40:00
41|6
498148	65.88235294117646	3878	14:36:00
113311	65.88235294117646	3883	01:17:00
571579	65.88235294117646	3972	15:05:00
199025	65.88235294117646	4303	21:08:00
375693	65.88235294117646	4303	21:08:00
591163	65.88235294117646	4303	21:08:00
42|6
134908	65.88235294117646	4596	13:45:00
303711	65.88235294117646	4597	08:56:00
3669	65.88235294117646	4597	09:58:00
458099	65.88235294117646	4598	08:21:00
82555	65.88235294117646	4598	10:13:00
248920	65.88235294117646	4598	10:13:00
43|6
309068	65.88235294117646	4635	00:15:00
328957	65.88235294117646	4635	00:15:00
376863	65.88235294117646	4635	00:15:00
60117	65.88235294117646	4635	00:20:00
409361	65.88235294117646	4635	00:20:00
581975	65.88235294117646	4641	08:55:00
