0|6
550452	67.05882352941175	5229	18:10:00
323933	67.05882352941175	5802	11:05:00
159248	67.05882352941175	5802	11:27:00
554099	67.05882352941175	5815	16:02:00
70896	67.05882352941175	5815	16:26:00
518385	67.05882352941175	5815	16:38:00
1|6
614243	67.05882352941175	5424	15:27:00
616649	67.05882352941175	5424	15:27:00
617646	67.05882352941175	5424	15:27:00
620594	67.05882352941175	5424	15:27:00
622325	67.05882352941175	5424	15:27:00
623778	67.05882352941175	5424	15:27:00
2|6
521716	67.05882352941175	4220	10:26:00
531386	67.05882352941175	4220	10:26:00
534002	67.05882352941175	4220	10:26:00
602548	67.05882352941175	4220	10:26:00
297989	67.05882352941175	5332	13:11:00
532569	67.05882352941175	5332	13:13:00
3|6
266898	67.05882352941175	3811	14:01:00
577089	67.05882352941175	3811	14:07:00
418340	67.05882352941175	3811	14:50:00
489371	67.05882352941175	4387	18:43:00
541471	67.05882352941175	4387	19:16:00
230010	67.05882352941175	4458	14:32:00
4|6
160409	67.05882352941175	4859	11:24:00
309265	67.05882352941175	4866	13:54:00
566574	67.05882352941175	4866	13:54:00
94767	67.05882352941175	4885	13:18:00
617491	67.05882352941175	4893	13:40:00
561044	67.05882352941175	4894	13:41:00
5|6
55372	67.05882352941175	5226	13:41:00
568050	67.05882352941175	5226	13:41:00
614805	67.05882352941175	5226	13:41:00
374622	67.05882352941175	5226	13:42:00
390355	67.05882352941175	5226	13:42:00
600781	67.05882352941175	5226	13:42:00
6|6
34428	67.05882352941175	5092	15:36:00
370386	67.05882352941175	5092	15:36:00
614925	67.05882352941175	5092	15:37:00
248723	67.05882352941175	5092	15:40:00
252962	67.05882352941175	5092	15:40:00
504528	67.05882352941175	5092	15:40:00
7|6
591369	67.05882352941175	6033	19:54:00
28621	67.05882352941175	6033	19:55:00
40189	67.05882352941175	6033	19:55:00
434891	67.05882352941175	6033	19:55:00
80657	67.05882352941175	6033	19:57:00
532790	67.05882352941175	6033	20:00:00
8|6
532569	67.05882352941175	4998	14:28:00
558154	67.05882352941175	4998	14:28:00
569179	67.05882352941175	4998	14:28:00
574204	67.05882352941175	4998	14:28:00
622325	67.05882352941175	4998	14:28:00
213829	67.05882352941175	4998	14:50:00
9|6
531386	67.05882352941175	4607	22:13:00
532569	67.05882352941175	4607	22:13:00
592747	67.05882352941175	4607	22:13:00
602602	67.05882352941175	4607	22:13:00
614925	67.05882352941175	4607	22:13:00
622325	67.05882352941175	4607	22:13:00
10|6
453396	67.05882352941175	3546	10:12:00
587636	67.05882352941175	3546	10:12:00
591461	67.05882352941175	3546	10:12:00
596241	67.05882352941175	3546	10:12:00
612520	67.05882352941175	3546	10:12:00
616649	67.05882352941175	3546	10:12:00
11|6
533053	67.05882352941175	4665	22:26:00
2273	67.05882352941175	4670	19:46:00
117627	67.05882352941175	4670	19:47:00
436796	67.05882352941175	4670	19:48:00
613923	67.05882352941175	4670	19:52:00
359283	67.05882352941175	4670	19:56:00
12|6
275010	67.05882352941175	5070	00:06:00
46030	67.05882352941175	5070	00:17:00
29235	67.05882352941175	5070	00:19:00
498179	67.05882352941175	5070	00:19:00
556541	67.05882352941175	5070	00:19:00
558814	67.05882352941175	5172	14:59:00
13|6
546992	67.05882352941175	4980	00:39:00
567726	67.05882352941175	4980	00:39:00
583090	67.05882352941175	4980	00:39:00
587636	67.05882352941175	4980	00:39:00
616649	67.05882352941175	4980	00:39:00
617646	67.05882352941175	4980	00:39:00
14|6
543905	67.05882352941175	5387	10:21:00
572538	67.05882352941175	5387	10:21:00
28590	67.05882352941175	5391	05:24:00
268594	67.05882352941175	5392	14:37:00
308881	67.05882352941175	5392	14:37:00
334831	67.05882352941175	5392	14:37:00
15|6
281112	67.05882352941175	5712	16:08:00
309256	67.05882352941175	5721	07:15:00
496762	67.05882352941175	5731	09:54:00
614925	67.05882352941175	5735	06:47:00
165824	67.05882352941175	5743	07:40:00
367313	67.05882352941175	5771	08:08:00
16|6
550452	67.05882352941175	5135	20:54:00
56437	67.05882352941175	5137	21:16:00
13379	67.05882352941175	5141	20:35:00
39046	67.05882352941175	5141	20:53:00
405897	67.05882352941175	5156	16:44:00
267723	67.05882352941175	5189	10:04:00
17|6
25205	67.05882352941175	4934	13:12:00
103410	67.05882352941175	4935	22:39:00
624550	67.05882352941175	4935	22:44:00
338242	67.05882352941175	4935	22:48:00
25311	67.05882352941175	4935	22:57:00
47310	67.05882352941175	4935	22:58:00
18|6
359811	67.05882352941175	5886	09:59:00
576535	67.05882352941175	5886	09:59:00
260310	67.05882352941175	5950	23:02:00
49509	67.05882352941175	6161	18:54:00
206975	67.05882352941175	6161	18:54:00
252459	67.05882352941175	6161	19:52:00
19|6
539904	67.05882352941175	4896	12:27:00
548098	67.05882352941175	4896	12:27:00
592747	67.05882352941175	4896	12:27:00
600770	67.05882352941175	4896	12:27:00
608376	67.05882352941175	4896	12:27:00
622325	67.05882352941175	4896	12:27:00
20|6
489371	67.05882352941175	4025	13:01:00
517526	67.05882352941175	4025	13:01:00
538823	67.05882352941175	4025	13:01:00
540934	67.05882352941175	4025	13:01:00
600770	67.05882352941175	4025	13:01:00
607946	67.05882352941175	4025	13:01:00
21|6
116469	67.05882352941175	4477	20:08:00
33730	67.05882352941175	4477	20:11:00
100025	67.05882352941175	4477	20:11:00
95970	67.05882352941175	4477	20:15:00
267723	67.05882352941175	4477	20:15:00
449769	67.05882352941175	4477	20:15:00
22|6
559390	67.05882352941175	4394	19:58:00
152442	67.05882352941175	4394	20:53:00
182003	67.05882352941175	4394	20:53:00
225679	67.05882352941175	4394	20:53:00
41414	67.05882352941175	4394	21:00:00
106447	67.05882352941175	4423	15:53:00
23|6
540166	67.05882352941175	4736	06:24:00
389637	67.05882352941175	4739	03:02:00
44531	67.05882352941175	4797	05:16:00
130559	67.05882352941175	4800	03:17:00
173049	67.05882352941175	4801	01:57:00
48550	67.05882352941175	4892	02:30:00
24|6
459622	67.05882352941175	5029	13:41:00
112126	67.05882352941175	5038	14:19:00
614925	67.05882352941175	5074	10:24:00
489371	67.05882352941175	5092	13:59:00
85222	67.05882352941175	5121	08:19:00
181089	67.05882352941175	5121	09:07:00
25|6
563692	67.05882352941175	3652	23:16:00
582591	67.05882352941175	3652	23:16:00
600770	67.05882352941175	3652	23:16:00
607946	67.05882352941175	3652	23:16:00
274703	67.05882352941175	3652	23:17:00
362307	67.05882352941175	3652	23:19:00
26|6
614243	67.05882352941175	4315	19:25:00
617646	67.05882352941175	4315	19:25:00
622325	67.05882352941175	4315	19:25:00
55629	67.05882352941175	4315	19:32:00
363904	67.05882352941175	4315	19:32:00
373402	67.05882352941175	4315	19:32:00
27|6
169081	67.05882352941175	4637	07:48:00
386683	67.05882352941175	4637	07:48:00
224051	67.05882352941175	4703	06:34:00
436056	67.05882352941175	4800	15:25:00
473055	67.05882352941175	4902	17:21:00
26226	67.05882352941175	4902	17:29:00
28|6
75707	67.05882352941175	6028	02:29:00
397543	67.05882352941175	6028	02:29:00
298685	67.05882352941175	6028	02:32:00
75410	67.05882352941175	6028	02:34:00
567631	67.05882352941175	6028	02:34:00
578903	67.05882352941175	6028	02:39:00
29|6
184754	67.05882352941175	5518	03:54:00
556366	67.05882352941175	5518	03:54:00
238646	67.05882352941175	5518	03:56:00
7876	67.05882352941175	5518	03:57:00
302000	67.05882352941175	5518	03:57:00
569396	67.05882352941175	5619	19:41:00
30|6
267846	67.05882352941175	3630	21:31:00
467178	67.05882352941175	3630	21:31:00
444949	67.05882352941175	4709	13:03:00
489457	67.05882352941175	4709	13:14:00
529957	67.05882352941175	4709	13:16:00
552786	67.05882352941175	4709	13:24:00
31|6
123929	67.05882352941175	5344	20:38:00
98718	67.05882352941175	5352	09:05:00
195434	67.05882352941175	5353	23:27:00
588686	67.05882352941175	5353	23:35:00
604347	67.05882352941175	5370	16:36:00
17497	67.05882352941175	5414	18:31:00
32|6
358441	67.05882352941175	4308	18:24:00
440694	67.05882352941175	4308	18:24:00
577474	67.05882352941175	4308	18:24:00
266281	67.05882352941175	4308	18:25:00
371598	67.05882352941175	4308	18:25:00
564115	67.05882352941175	4308	18:25:00
33|6
75943	67.05882352941175	4063	08:45:00
355155	67.05882352941175	4063	08:53:00
564115	67.05882352941175	4063	08:54:00
364683	67.05882352941175	4063	09:01:00
437608	67.05882352941175	4063	09:01:00
603145	67.05882352941175	4063	09:01:00
34|6
1188	67.05882352941175	4384	15:40:00
4132	67.05882352941175	4384	15:40:00
30125	67.05882352941175	4384	15:40:00
36422	67.05882352941175	4384	15:40:00
421158	67.05882352941175	4384	15:40:00
482854	67.05882352941175	4384	15:40:00
35|6
529098	67.05882352941175	5494	14:35:00
559371	67.05882352941175	5494	15:48:00
237542	67.05882352941175	5494	15:50:00
549463	67.05882352941175	5494	15:50:00
381626	67.05882352941175	5494	16:17:00
407756	67.05882352941175	5494	16:17:00
36|6
571905	67.05882352941175	4001	20:14:00
198370	67.05882352941175	4002	16:25:00
347177	67.05882352941175	4002	16:37:00
27598	67.05882352941175	4002	16:55:00
551806	67.05882352941175	4002	16:56:00
193586	67.05882352941175	4002	17:29:00
37|6
169627	67.05882352941175	5122	13:00:00
130254	67.05882352941175	5122	13:04:00
141393	67.05882352941175	5122	13:04:00
469645	67.05882352941175	5122	14:08:00
84209	67.05882352941175	5122	15:39:00
280641	67.05882352941175	5122	15:46:00
38|6
504528	67.05882352941175	5397	07:55:00
517718	67.05882352941175	5397	07:55:00
532569	67.05882352941175	5397	07:55:00
614243	67.05882352941175	5397	07:55:00
614925	67.05882352941175	5397	07:55:00
622325	67.05882352941175	5397	07:55:00
39|6
614925	67.05882352941175	4316	22:00:00
34525	67.05882352941175	4316	22:31:00
540166	67.05882352941175	4316	22:31:00
327744	67.05882352941175	4316	22:34:00
9986	67.05882352941175	4316	22:38:00
536930	67.05882352941175	4316	22:38:00
40|6
328269	67.05882352941175	4596	07:29:00
195544	67.05882352941175	4596	07:32:00
186013	67.05882352941175	4596	07:35:00
213529	67.05882352941175	4596	07:35:00
257054	67.05882352941175	4596	07:35:00
509660	67.05882352941175	4596	07:40:00
41|6
498148	67.05882352941175	3878	14:36:00
113311	67.05882352941175	3883	01:17:00
571579	67.05882352941175	3972	15:05:00
199025	67.05882352941175	4303	21:08:00
375693	67.05882352941175	4303	21:08:00
591163	67.05882352941175	4303	21:08:00
42|6
134908	67.05882352941175	4596	13:45:00
303711	67.05882352941175	4597	08:56:00
3669	67.05882352941175	4597	09:58:00
458099	67.05882352941175	4598	08:21:00
82555	67.05882352941175	4598	10:13:00
248920	67.05882352941175	4598	10:13:00
43|6
309068	67.05882352941175	4635	00:15:00
328957	67.05882352941175	4635	00:15:00
376863	67.05882352941175	4635	00:15:00
60117	67.05882352941175	4635	00:20:00
409361	67.05882352941175	4635	00:20:00
581975	67.05882352941175	4641	08:55:00
