0|6
550452	69.80392156862744	5229	18:10:00
323933	69.80392156862744	5802	11:05:00
159248	69.80392156862744	5802	11:27:00
554099	69.80392156862744	5815	16:02:00
70896	69.80392156862744	5815	16:26:00
518385	69.80392156862744	5815	16:38:00
1|6
614243	69.80392156862744	5424	15:27:00
616649	69.80392156862744	5424	15:27:00
617646	69.80392156862744	5424	15:27:00
620594	69.80392156862744	5424	15:27:00
622325	69.80392156862744	5424	15:27:00
623778	69.80392156862744	5424	15:27:00
2|6
521716	69.80392156862744	4220	10:26:00
531386	69.80392156862744	4220	10:26:00
534002	69.80392156862744	4220	10:26:00
602548	69.80392156862744	4220	10:26:00
297989	69.80392156862744	5332	13:11:00
532569	69.80392156862744	5332	13:13:00
3|6
266898	69.80392156862744	3811	14:01:00
577089	69.80392156862744	3811	14:07:00
418340	69.80392156862744	3811	14:50:00
489371	69.80392156862744	4387	18:43:00
541471	69.80392156862744	4387	19:16:00
230010	69.80392156862744	4458	14:32:00
4|6
160409	69.80392156862744	4859	11:24:00
309265	69.80392156862744	4866	13:54:00
566574	69.80392156862744	4866	13:54:00
94767	69.80392156862744	4885	13:18:00
617491	69.80392156862744	4893	13:40:00
561044	69.80392156862744	4894	13:41:00
5|6
55372	69.80392156862744	5226	13:41:00
568050	69.80392156862744	5226	13:41:00
614805	69.80392156862744	5226	13:41:00
374622	69.80392156862744	5226	13:42:00
390355	69.80392156862744	5226	13:42:00
600781	69.80392156862744	5226	13:42:00
6|6
34428	69.80392156862744	5092	15:36:00
370386	69.80392156862744	5092	15:36:00
614925	69.80392156862744	5092	15:37:00
248723	69.80392156862744	5092	15:40:00
252962	69.80392156862744	5092	15:40:00
504528	69.80392156862744	5092	15:40:00
7|6
591369	69.80392156862744	6033	19:54:00
28621	69.80392156862744	6033	19:55:00
40189	69.80392156862744	6033	19:55:00
434891	69.80392156862744	6033	19:55:00
80657	69.80392156862744	6033	19:57:00
532790	69.80392156862744	6033	20:00:00
8|6
532569	69.80392156862744	4998	14:28:00
558154	69.80392156862744	4998	14:28:00
569179	69.80392156862744	4998	14:28:00
574204	69.80392156862744	4998	14:28:00
622325	69.80392156862744	4998	14:28:00
213829	69.80392156862744	4998	14:50:00
9|6
531386	69.80392156862744	4607	22:13:00
532569	69.80392156862744	4607	22:13:00
592747	69.80392156862744	4607	22:13:00
602602	69.80392156862744	4607	22:13:00
614925	69.80392156862744	4607	22:13:00
622325	69.80392156862744	4607	22:13:00
10|6
453396	69.80392156862744	3546	10:12:00
587636	69.80392156862744	3546	10:12:00
591461	69.80392156862744	3546	10:12:00
596241	69.80392156862744	3546	10:12:00
612520	69.80392156862744	3546	10:12:00
616649	69.80392156862744	3546	10:12:00
11|6
533053	69.80392156862744	4665	22:26:00
2273	69.80392156862744	4670	19:46:00
117627	69.80392156862744	4670	19:47:00
436796	69.80392156862744	4670	19:48:00
613923	69.80392156862744	4670	19:52:00
359283	69.80392156862744	4670	19:56:00
12|6
275010	69.80392156862744	5070	00:06:00
46030	69.80392156862744	5070	00:17:00
29235	69.80392156862744	5070	00:19:00
498179	69.80392156862744	5070	00:19:00
556541	69.80392156862744	5070	00:19:00
558814	69.80392156862744	5172	14:59:00
13|6
546992	69.80392156862744	4980	00:39:00
567726	69.80392156862744	4980	00:39:00
583090	69.80392156862744	4980	00:39:00
587636	69.80392156862744	4980	00:39:00
616649	69.80392156862744	4980	00:39:00
617646	69.80392156862744	4980	00:39:00
14|6
543905	69.80392156862744	5387	10:21:00
572538	69.80392156862744	5387	10:21:00
28590	69.80392156862744	5391	05:24:00
268594	69.80392156862744	5392	14:37:00
308881	69.80392156862744	5392	14:37:00
334831	69.80392156862744	5392	14:37:00
15|6
281112	69.80392156862744	5712	16:08:00
309256	69.80392156862744	5721	07:15:00
496762	69.80392156862744	5731	09:54:00
614925	69.80392156862744	5735	06:47:00
165824	69.80392156862744	5743	07:40:00
367313	69.80392156862744	5771	08:08:00
16|6
550452	69.80392156862744	5135	20:54:00
56437	69.80392156862744	5137	21:16:00
13379	69.80392156862744	5141	20:35:00
39046	69.80392156862744	5141	20:53:00
405897	69.80392156862744	5156	16:44:00
267723	69.80392156862744	5189	10:04:00
17|6
25205	69.80392156862744	4934	13:12:00
103410	69.80392156862744	4935	22:39:00
624550	69.80392156862744	4935	22:44:00
338242	69.80392156862744	4935	22:48:00
25311	69.80392156862744	4935	22:57:00
47310	69.80392156862744	4935	22:58:00
18|6
359811	69.80392156862744	5886	09:59:00
576535	69.80392156862744	5886	09:59:00
260310	69.80392156862744	5950	23:02:00
49509	69.80392156862744	6161	18:54:00
206975	69.80392156862744	6161	18:54:00
252459	69.80392156862744	6161	19:52:00
19|6
539904	69.80392156862744	4896	12:27:00
548098	69.80392156862744	4896	12:27:00
592747	69.80392156862744	4896	12:27:00
600770	69.80392156862744	4896	12:27:00
608376	69.80392156862744	4896	12:27:00
622325	69.80392156862744	4896	12:27:00
20|6
489371	69.80392156862744	4025	13:01:00
517526	69.80392156862744	4025	13:01:00
538823	69.80392156862744	4025	13:01:00
540934	69.80392156862744	4025	13:01:00
600770	69.80392156862744	4025	13:01:00
607946	69.80392156862744	4025	13:01:00
21|6
116469	69.80392156862744	4477	20:08:00
33730	69.80392156862744	4477	20:11:00
100025	69.80392156862744	4477	20:11:00
95970	69.80392156862744	4477	20:15:00
267723	69.80392156862744	4477	20:15:00
449769	69.80392156862744	4477	20:15:00
22|6
559390	69.80392156862744	4394	19:58:00
152442	69.80392156862744	4394	20:53:00
182003	69.80392156862744	4394	20:53:00
225679	69.80392156862744	4394	20:53:00
41414	69.80392156862744	4394	21:00:00
106447	69.80392156862744	4423	15:53:00
23|6
540166	69.80392156862744	4736	06:24:00
389637	69.80392156862744	4739	03:02:00
44531	69.80392156862744	4797	05:16:00
130559	69.80392156862744	4800	03:17:00
173049	69.80392156862744	4801	01:57:00
48550	69.80392156862744	4892	02:30:00
24|6
459622	69.80392156862744	5029	13:41:00
112126	69.80392156862744	5038	14:19:00
614925	69.80392156862744	5074	10:24:00
489371	69.80392156862744	5092	13:59:00
85222	69.80392156862744	5121	08:19:00
181089	69.80392156862744	5121	09:07:00
25|6
563692	69.80392156862744	3652	23:16:00
582591	69.80392156862744	3652	23:16:00
600770	69.80392156862744	3652	23:16:00
607946	69.80392156862744	3652	23:16:00
274703	69.80392156862744	3652	23:17:00
362307	69.80392156862744	3652	23:19:00
26|6
614243	69.80392156862744	4315	19:25:00
617646	69.80392156862744	4315	19:25:00
622325	69.80392156862744	4315	19:25:00
55629	69.80392156862744	4315	19:32:00
363904	69.80392156862744	4315	19:32:00
373402	69.80392156862744	4315	19:32:00
27|6
169081	69.80392156862744	4637	07:48:00
386683	69.80392156862744	4637	07:48:00
224051	69.80392156862744	4703	06:34:00
436056	69.80392156862744	4800	15:25:00
473055	69.80392156862744	4902	17:21:00
26226	69.80392156862744	4902	17:29:00
28|6
75707	69.80392156862744	6028	02:29:00
397543	69.80392156862744	6028	02:29:00
298685	69.80392156862744	6028	02:32:00
75410	69.80392156862744	6028	02:34:00
567631	69.80392156862744	6028	02:34:00
578903	69.80392156862744	6028	02:39:00
29|6
184754	69.80392156862744	5518	03:54:00
556366	69.80392156862744	5518	03:54:00
238646	69.80392156862744	5518	03:56:00
7876	69.80392156862744	5518	03:57:00
302000	69.80392156862744	5518	03:57:00
569396	69.80392156862744	5619	19:41:00
30|6
267846	69.80392156862744	3630	21:31:00
467178	69.80392156862744	3630	21:31:00
444949	69.80392156862744	4709	13:03:00
489457	69.80392156862744	4709	13:14:00
529957	69.80392156862744	4709	13:16:00
552786	69.80392156862744	4709	13:24:00
31|6
123929	69.80392156862744	5344	20:38:00
98718	69.80392156862744	5352	09:05:00
195434	69.80392156862744	5353	23:27:00
588686	69.80392156862744	5353	23:35:00
604347	69.80392156862744	5370	16:36:00
17497	69.80392156862744	5414	18:31:00
32|6
358441	69.80392156862744	4308	18:24:00
440694	69.80392156862744	4308	18:24:00
577474	69.80392156862744	4308	18:24:00
266281	69.80392156862744	4308	18:25:00
371598	69.80392156862744	4308	18:25:00
564115	69.80392156862744	4308	18:25:00
33|6
75943	69.80392156862744	4063	08:45:00
355155	69.80392156862744	4063	08:53:00
564115	69.80392156862744	4063	08:54:00
364683	69.80392156862744	4063	09:01:00
437608	69.80392156862744	4063	09:01:00
603145	69.80392156862744	4063	09:01:00
34|6
1188	69.80392156862744	4384	15:40:00
4132	69.80392156862744	4384	15:40:00
30125	69.80392156862744	4384	15:40:00
36422	69.80392156862744	4384	15:40:00
421158	69.80392156862744	4384	15:40:00
482854	69.80392156862744	4384	15:40:00
35|6
529098	69.80392156862744	5494	14:35:00
559371	69.80392156862744	5494	15:48:00
237542	69.80392156862744	5494	15:50:00
549463	69.80392156862744	5494	15:50:00
381626	69.80392156862744	5494	16:17:00
407756	69.80392156862744	5494	16:17:00
36|6
571905	69.80392156862744	4001	20:14:00
198370	69.80392156862744	4002	16:25:00
347177	69.80392156862744	4002	16:37:00
27598	69.80392156862744	4002	16:55:00
551806	69.80392156862744	4002	16:56:00
193586	69.80392156862744	4002	17:29:00
37|6
169627	69.80392156862744	5122	13:00:00
130254	69.80392156862744	5122	13:04:00
141393	69.80392156862744	5122	13:04:00
469645	69.80392156862744	5122	14:08:00
84209	69.80392156862744	5122	15:39:00
280641	69.80392156862744	5122	15:46:00
38|6
504528	69.80392156862744	5397	07:55:00
517718	69.80392156862744	5397	07:55:00
532569	69.80392156862744	5397	07:55:00
614243	69.80392156862744	5397	07:55:00
614925	69.80392156862744	5397	07:55:00
622325	69.80392156862744	5397	07:55:00
39|6
614925	69.80392156862744	4316	22:00:00
34525	69.80392156862744	4316	22:31:00
540166	69.80392156862744	4316	22:31:00
327744	69.80392156862744	4316	22:34:00
9986	69.80392156862744	4316	22:38:00
536930	69.80392156862744	4316	22:38:00
40|6
328269	69.80392156862744	4596	07:29:00
195544	69.80392156862744	4596	07:32:00
186013	69.80392156862744	4596	07:35:00
213529	69.80392156862744	4596	07:35:00
257054	69.80392156862744	4596	07:35:00
509660	69.80392156862744	4596	07:40:00
41|6
498148	69.80392156862744	3878	14:36:00
113311	69.80392156862744	3883	01:17:00
571579	69.80392156862744	3972	15:05:00
199025	69.80392156862744	4303	21:08:00
375693	69.80392156862744	4303	21:08:00
591163	69.80392156862744	4303	21:08:00
42|6
134908	69.80392156862744	4596	13:45:00
303711	69.80392156862744	4597	08:56:00
3669	69.80392156862744	4597	09:58:00
458099	69.80392156862744	4598	08:21:00
82555	69.80392156862744	4598	10:13:00
248920	69.80392156862744	4598	10:13:00
43|6
309068	69.80392156862744	4635	00:15:00
328957	69.80392156862744	4635	00:15:00
376863	69.80392156862744	4635	00:15:00
60117	69.80392156862744	4635	00:20:00
409361	69.80392156862744	4635	00:20:00
581975	69.80392156862744	4641	08:55:00
