0|6
550452	70.58823529411765	5229	18:10:00
323933	70.58823529411765	5802	11:05:00
159248	70.58823529411765	5802	11:27:00
554099	70.58823529411765	5815	16:02:00
70896	70.58823529411765	5815	16:26:00
518385	70.58823529411765	5815	16:38:00
1|6
614243	70.58823529411765	5424	15:27:00
616649	70.58823529411765	5424	15:27:00
617646	70.58823529411765	5424	15:27:00
620594	70.58823529411765	5424	15:27:00
622325	70.58823529411765	5424	15:27:00
623778	70.58823529411765	5424	15:27:00
2|6
521716	70.58823529411765	4220	10:26:00
531386	70.58823529411765	4220	10:26:00
534002	70.58823529411765	4220	10:26:00
602548	70.58823529411765	4220	10:26:00
297989	70.58823529411765	5332	13:11:00
532569	70.58823529411765	5332	13:13:00
3|6
266898	70.58823529411765	3811	14:01:00
577089	70.58823529411765	3811	14:07:00
418340	70.58823529411765	3811	14:50:00
489371	70.58823529411765	4387	18:43:00
541471	70.58823529411765	4387	19:16:00
230010	70.58823529411765	4458	14:32:00
4|6
160409	70.58823529411765	4859	11:24:00
309265	70.58823529411765	4866	13:54:00
566574	70.58823529411765	4866	13:54:00
94767	70.58823529411765	4885	13:18:00
617491	70.58823529411765	4893	13:40:00
561044	70.58823529411765	4894	13:41:00
5|6
55372	70.58823529411765	5226	13:41:00
568050	70.58823529411765	5226	13:41:00
614805	70.58823529411765	5226	13:41:00
374622	70.58823529411765	5226	13:42:00
390355	70.58823529411765	5226	13:42:00
600781	70.58823529411765	5226	13:42:00
6|6
34428	70.58823529411765	5092	15:36:00
370386	70.58823529411765	5092	15:36:00
614925	70.58823529411765	5092	15:37:00
248723	70.58823529411765	5092	15:40:00
252962	70.58823529411765	5092	15:40:00
504528	70.58823529411765	5092	15:40:00
7|6
591369	70.58823529411765	6033	19:54:00
28621	70.58823529411765	6033	19:55:00
40189	70.58823529411765	6033	19:55:00
434891	70.58823529411765	6033	19:55:00
80657	70.58823529411765	6033	19:57:00
532790	70.58823529411765	6033	20:00:00
8|6
532569	70.58823529411765	4998	14:28:00
558154	70.58823529411765	4998	14:28:00
569179	70.58823529411765	4998	14:28:00
574204	70.58823529411765	4998	14:28:00
622325	70.58823529411765	4998	14:28:00
213829	70.58823529411765	4998	14:50:00
9|6
531386	70.58823529411765	4607	22:13:00
532569	70.58823529411765	4607	22:13:00
592747	70.58823529411765	4607	22:13:00
602602	70.58823529411765	4607	22:13:00
614925	70.58823529411765	4607	22:13:00
622325	70.58823529411765	4607	22:13:00
10|6
453396	70.58823529411765	3546	10:12:00
587636	70.58823529411765	3546	10:12:00
591461	70.58823529411765	3546	10:12:00
596241	70.58823529411765	3546	10:12:00
612520	70.58823529411765	3546	10:12:00
616649	70.58823529411765	3546	10:12:00
11|6
533053	70.58823529411765	4665	22:26:00
2273	70.58823529411765	4670	19:46:00
117627	70.58823529411765	4670	19:47:00
436796	70.58823529411765	4670	19:48:00
613923	70.58823529411765	4670	19:52:00
359283	70.58823529411765	4670	19:56:00
12|6
275010	70.58823529411765	5070	00:06:00
46030	70.58823529411765	5070	00:17:00
29235	70.58823529411765	5070	00:19:00
498179	70.58823529411765	5070	00:19:00
556541	70.58823529411765	5070	00:19:00
558814	70.58823529411765	5172	14:59:00
13|6
546992	70.58823529411765	4980	00:39:00
567726	70.58823529411765	4980	00:39:00
583090	70.58823529411765	4980	00:39:00
587636	70.58823529411765	4980	00:39:00
616649	70.58823529411765	4980	00:39:00
617646	70.58823529411765	4980	00:39:00
14|6
543905	70.58823529411765	5387	10:21:00
572538	70.58823529411765	5387	10:21:00
28590	70.58823529411765	5391	05:24:00
268594	70.58823529411765	5392	14:37:00
308881	70.58823529411765	5392	14:37:00
334831	70.58823529411765	5392	14:37:00
15|6
281112	70.58823529411765	5712	16:08:00
309256	70.58823529411765	5721	07:15:00
496762	70.58823529411765	5731	09:54:00
614925	70.58823529411765	5735	06:47:00
165824	70.58823529411765	5743	07:40:00
367313	70.58823529411765	5771	08:08:00
16|6
550452	70.58823529411765	5135	20:54:00
56437	70.58823529411765	5137	21:16:00
13379	70.58823529411765	5141	20:35:00
39046	70.58823529411765	5141	20:53:00
405897	70.58823529411765	5156	16:44:00
267723	70.58823529411765	5189	10:04:00
17|6
25205	70.58823529411765	4934	13:12:00
103410	70.58823529411765	4935	22:39:00
624550	70.58823529411765	4935	22:44:00
338242	70.58823529411765	4935	22:48:00
25311	70.58823529411765	4935	22:57:00
47310	70.58823529411765	4935	22:58:00
18|6
359811	70.58823529411765	5886	09:59:00
576535	70.58823529411765	5886	09:59:00
260310	70.58823529411765	5950	23:02:00
49509	70.58823529411765	6161	18:54:00
206975	70.58823529411765	6161	18:54:00
252459	70.58823529411765	6161	19:52:00
19|6
539904	70.58823529411765	4896	12:27:00
548098	70.58823529411765	4896	12:27:00
592747	70.58823529411765	4896	12:27:00
600770	70.58823529411765	4896	12:27:00
608376	70.58823529411765	4896	12:27:00
622325	70.58823529411765	4896	12:27:00
20|6
489371	70.58823529411765	4025	13:01:00
517526	70.58823529411765	4025	13:01:00
538823	70.58823529411765	4025	13:01:00
540934	70.58823529411765	4025	13:01:00
600770	70.58823529411765	4025	13:01:00
607946	70.58823529411765	4025	13:01:00
21|6
116469	70.58823529411765	4477	20:08:00
33730	70.58823529411765	4477	20:11:00
100025	70.58823529411765	4477	20:11:00
95970	70.58823529411765	4477	20:15:00
267723	70.58823529411765	4477	20:15:00
449769	70.58823529411765	4477	20:15:00
22|6
559390	70.58823529411765	4394	19:58:00
152442	70.58823529411765	4394	20:53:00
182003	70.58823529411765	4394	20:53:00
225679	70.58823529411765	4394	20:53:00
41414	70.58823529411765	4394	21:00:00
106447	70.58823529411765	4423	15:53:00
23|6
540166	70.58823529411765	4736	06:24:00
389637	70.58823529411765	4739	03:02:00
44531	70.58823529411765	4797	05:16:00
130559	70.58823529411765	4800	03:17:00
173049	70.58823529411765	4801	01:57:00
48550	70.58823529411765	4892	02:30:00
24|6
459622	70.58823529411765	5029	13:41:00
112126	70.58823529411765	5038	14:19:00
614925	70.58823529411765	5074	10:24:00
489371	70.58823529411765	5092	13:59:00
85222	70.58823529411765	5121	08:19:00
181089	70.58823529411765	5121	09:07:00
25|6
563692	70.58823529411765	3652	23:16:00
582591	70.58823529411765	3652	23:16:00
600770	70.58823529411765	3652	23:16:00
607946	70.58823529411765	3652	23:16:00
274703	70.58823529411765	3652	23:17:00
362307	70.58823529411765	3652	23:19:00
26|6
614243	70.58823529411765	4315	19:25:00
617646	70.58823529411765	4315	19:25:00
622325	70.58823529411765	4315	19:25:00
55629	70.58823529411765	4315	19:32:00
363904	70.58823529411765	4315	19:32:00
373402	70.58823529411765	4315	19:32:00
27|6
169081	70.58823529411765	4637	07:48:00
386683	70.58823529411765	4637	07:48:00
224051	70.58823529411765	4703	06:34:00
436056	70.58823529411765	4800	15:25:00
473055	70.58823529411765	4902	17:21:00
26226	70.58823529411765	4902	17:29:00
28|6
75707	70.58823529411765	6028	02:29:00
397543	70.58823529411765	6028	02:29:00
298685	70.58823529411765	6028	02:32:00
75410	70.58823529411765	6028	02:34:00
567631	70.58823529411765	6028	02:34:00
578903	70.58823529411765	6028	02:39:00
29|6
184754	70.58823529411765	5518	03:54:00
556366	70.58823529411765	5518	03:54:00
238646	70.58823529411765	5518	03:56:00
7876	70.58823529411765	5518	03:57:00
302000	70.58823529411765	5518	03:57:00
569396	70.58823529411765	5619	19:41:00
30|6
267846	70.58823529411765	3630	21:31:00
467178	70.58823529411765	3630	21:31:00
444949	70.58823529411765	4709	13:03:00
489457	70.58823529411765	4709	13:14:00
529957	70.58823529411765	4709	13:16:00
552786	70.58823529411765	4709	13:24:00
31|6
123929	70.58823529411765	5344	20:38:00
98718	70.58823529411765	5352	09:05:00
195434	70.58823529411765	5353	23:27:00
588686	70.58823529411765	5353	23:35:00
604347	70.58823529411765	5370	16:36:00
17497	70.58823529411765	5414	18:31:00
32|6
358441	70.58823529411765	4308	18:24:00
440694	70.58823529411765	4308	18:24:00
577474	70.58823529411765	4308	18:24:00
266281	70.58823529411765	4308	18:25:00
371598	70.58823529411765	4308	18:25:00
564115	70.58823529411765	4308	18:25:00
33|6
75943	70.58823529411765	4063	08:45:00
355155	70.58823529411765	4063	08:53:00
564115	70.58823529411765	4063	08:54:00
364683	70.58823529411765	4063	09:01:00
437608	70.58823529411765	4063	09:01:00
603145	70.58823529411765	4063	09:01:00
34|6
1188	70.58823529411765	4384	15:40:00
4132	70.58823529411765	4384	15:40:00
30125	70.58823529411765	4384	15:40:00
36422	70.58823529411765	4384	15:40:00
421158	70.58823529411765	4384	15:40:00
482854	70.58823529411765	4384	15:40:00
35|6
529098	70.58823529411765	5494	14:35:00
559371	70.58823529411765	5494	15:48:00
237542	70.58823529411765	5494	15:50:00
549463	70.58823529411765	5494	15:50:00
381626	70.58823529411765	5494	16:17:00
407756	70.58823529411765	5494	16:17:00
36|6
571905	70.58823529411765	4001	20:14:00
198370	70.58823529411765	4002	16:25:00
347177	70.58823529411765	4002	16:37:00
27598	70.58823529411765	4002	16:55:00
551806	70.58823529411765	4002	16:56:00
193586	70.58823529411765	4002	17:29:00
37|6
169627	70.58823529411765	5122	13:00:00
130254	70.58823529411765	5122	13:04:00
141393	70.58823529411765	5122	13:04:00
469645	70.58823529411765	5122	14:08:00
84209	70.58823529411765	5122	15:39:00
280641	70.58823529411765	5122	15:46:00
38|6
504528	70.58823529411765	5397	07:55:00
517718	70.58823529411765	5397	07:55:00
532569	70.58823529411765	5397	07:55:00
614243	70.58823529411765	5397	07:55:00
614925	70.58823529411765	5397	07:55:00
622325	70.58823529411765	5397	07:55:00
39|6
614925	70.58823529411765	4316	22:00:00
34525	70.58823529411765	4316	22:31:00
540166	70.58823529411765	4316	22:31:00
327744	70.58823529411765	4316	22:34:00
9986	70.58823529411765	4316	22:38:00
536930	70.58823529411765	4316	22:38:00
40|6
328269	70.58823529411765	4596	07:29:00
195544	70.58823529411765	4596	07:32:00
186013	70.58823529411765	4596	07:35:00
213529	70.58823529411765	4596	07:35:00
257054	70.58823529411765	4596	07:35:00
509660	70.58823529411765	4596	07:40:00
41|6
498148	70.58823529411765	3878	14:36:00
113311	70.58823529411765	3883	01:17:00
571579	70.58823529411765	3972	15:05:00
199025	70.58823529411765	4303	21:08:00
375693	70.58823529411765	4303	21:08:00
591163	70.58823529411765	4303	21:08:00
42|6
134908	70.58823529411765	4596	13:45:00
303711	70.58823529411765	4597	08:56:00
3669	70.58823529411765	4597	09:58:00
458099	70.58823529411765	4598	08:21:00
82555	70.58823529411765	4598	10:13:00
248920	70.58823529411765	4598	10:13:00
43|6
309068	70.58823529411765	4635	00:15:00
328957	70.58823529411765	4635	00:15:00
376863	70.58823529411765	4635	00:15:00
60117	70.58823529411765	4635	00:20:00
409361	70.58823529411765	4635	00:20:00
581975	70.58823529411765	4641	08:55:00
