0|6
550452	71.37254901960785	5229	18:10:00
323933	71.37254901960785	5802	11:05:00
159248	71.37254901960785	5802	11:27:00
554099	71.37254901960785	5815	16:02:00
70896	71.37254901960785	5815	16:26:00
518385	71.37254901960785	5815	16:38:00
1|6
614243	71.37254901960785	5424	15:27:00
616649	71.37254901960785	5424	15:27:00
617646	71.37254901960785	5424	15:27:00
620594	71.37254901960785	5424	15:27:00
622325	71.37254901960785	5424	15:27:00
623778	71.37254901960785	5424	15:27:00
2|6
521716	71.37254901960785	4220	10:26:00
531386	71.37254901960785	4220	10:26:00
534002	71.37254901960785	4220	10:26:00
602548	71.37254901960785	4220	10:26:00
297989	71.37254901960785	5332	13:11:00
532569	71.37254901960785	5332	13:13:00
3|6
266898	71.37254901960785	3811	14:01:00
577089	71.37254901960785	3811	14:07:00
418340	71.37254901960785	3811	14:50:00
489371	71.37254901960785	4387	18:43:00
541471	71.37254901960785	4387	19:16:00
230010	71.37254901960785	4458	14:32:00
4|6
160409	71.37254901960785	4859	11:24:00
309265	71.37254901960785	4866	13:54:00
566574	71.37254901960785	4866	13:54:00
94767	71.37254901960785	4885	13:18:00
617491	71.37254901960785	4893	13:40:00
561044	71.37254901960785	4894	13:41:00
5|6
55372	71.37254901960785	5226	13:41:00
568050	71.37254901960785	5226	13:41:00
614805	71.37254901960785	5226	13:41:00
374622	71.37254901960785	5226	13:42:00
390355	71.37254901960785	5226	13:42:00
600781	71.37254901960785	5226	13:42:00
6|6
34428	71.37254901960785	5092	15:36:00
370386	71.37254901960785	5092	15:36:00
614925	71.37254901960785	5092	15:37:00
248723	71.37254901960785	5092	15:40:00
252962	71.37254901960785	5092	15:40:00
504528	71.37254901960785	5092	15:40:00
7|6
591369	71.37254901960785	6033	19:54:00
28621	71.37254901960785	6033	19:55:00
40189	71.37254901960785	6033	19:55:00
434891	71.37254901960785	6033	19:55:00
80657	71.37254901960785	6033	19:57:00
532790	71.37254901960785	6033	20:00:00
8|6
532569	71.37254901960785	4998	14:28:00
558154	71.37254901960785	4998	14:28:00
569179	71.37254901960785	4998	14:28:00
574204	71.37254901960785	4998	14:28:00
622325	71.37254901960785	4998	14:28:00
213829	71.37254901960785	4998	14:50:00
9|6
531386	71.37254901960785	4607	22:13:00
532569	71.37254901960785	4607	22:13:00
592747	71.37254901960785	4607	22:13:00
602602	71.37254901960785	4607	22:13:00
614925	71.37254901960785	4607	22:13:00
622325	71.37254901960785	4607	22:13:00
10|6
453396	71.37254901960785	3546	10:12:00
587636	71.37254901960785	3546	10:12:00
591461	71.37254901960785	3546	10:12:00
596241	71.37254901960785	3546	10:12:00
612520	71.37254901960785	3546	10:12:00
616649	71.37254901960785	3546	10:12:00
11|6
533053	71.37254901960785	4665	22:26:00
2273	71.37254901960785	4670	19:46:00
117627	71.37254901960785	4670	19:47:00
436796	71.37254901960785	4670	19:48:00
613923	71.37254901960785	4670	19:52:00
359283	71.37254901960785	4670	19:56:00
12|6
275010	71.37254901960785	5070	00:06:00
46030	71.37254901960785	5070	00:17:00
29235	71.37254901960785	5070	00:19:00
498179	71.37254901960785	5070	00:19:00
556541	71.37254901960785	5070	00:19:00
558814	71.37254901960785	5172	14:59:00
13|6
546992	71.37254901960785	4980	00:39:00
567726	71.37254901960785	4980	00:39:00
583090	71.37254901960785	4980	00:39:00
587636	71.37254901960785	4980	00:39:00
616649	71.37254901960785	4980	00:39:00
617646	71.37254901960785	4980	00:39:00
14|6
543905	71.37254901960785	5387	10:21:00
572538	71.37254901960785	5387	10:21:00
28590	71.37254901960785	5391	05:24:00
268594	71.37254901960785	5392	14:37:00
308881	71.37254901960785	5392	14:37:00
334831	71.37254901960785	5392	14:37:00
15|6
281112	71.37254901960785	5712	16:08:00
309256	71.37254901960785	5721	07:15:00
496762	71.37254901960785	5731	09:54:00
614925	71.37254901960785	5735	06:47:00
165824	71.37254901960785	5743	07:40:00
367313	71.37254901960785	5771	08:08:00
16|6
550452	71.37254901960785	5135	20:54:00
56437	71.37254901960785	5137	21:16:00
13379	71.37254901960785	5141	20:35:00
39046	71.37254901960785	5141	20:53:00
405897	71.37254901960785	5156	16:44:00
267723	71.37254901960785	5189	10:04:00
17|6
25205	71.37254901960785	4934	13:12:00
103410	71.37254901960785	4935	22:39:00
624550	71.37254901960785	4935	22:44:00
338242	71.37254901960785	4935	22:48:00
25311	71.37254901960785	4935	22:57:00
47310	71.37254901960785	4935	22:58:00
18|6
359811	71.37254901960785	5886	09:59:00
576535	71.37254901960785	5886	09:59:00
260310	71.37254901960785	5950	23:02:00
49509	71.37254901960785	6161	18:54:00
206975	71.37254901960785	6161	18:54:00
252459	71.37254901960785	6161	19:52:00
19|6
539904	71.37254901960785	4896	12:27:00
548098	71.37254901960785	4896	12:27:00
592747	71.37254901960785	4896	12:27:00
600770	71.37254901960785	4896	12:27:00
608376	71.37254901960785	4896	12:27:00
622325	71.37254901960785	4896	12:27:00
20|6
489371	71.37254901960785	4025	13:01:00
517526	71.37254901960785	4025	13:01:00
538823	71.37254901960785	4025	13:01:00
540934	71.37254901960785	4025	13:01:00
600770	71.37254901960785	4025	13:01:00
607946	71.37254901960785	4025	13:01:00
21|6
116469	71.37254901960785	4477	20:08:00
33730	71.37254901960785	4477	20:11:00
100025	71.37254901960785	4477	20:11:00
95970	71.37254901960785	4477	20:15:00
267723	71.37254901960785	4477	20:15:00
449769	71.37254901960785	4477	20:15:00
22|6
559390	71.37254901960785	4394	19:58:00
152442	71.37254901960785	4394	20:53:00
182003	71.37254901960785	4394	20:53:00
225679	71.37254901960785	4394	20:53:00
41414	71.37254901960785	4394	21:00:00
106447	71.37254901960785	4423	15:53:00
23|6
540166	71.37254901960785	4736	06:24:00
389637	71.37254901960785	4739	03:02:00
44531	71.37254901960785	4797	05:16:00
130559	71.37254901960785	4800	03:17:00
173049	71.37254901960785	4801	01:57:00
48550	71.37254901960785	4892	02:30:00
24|6
459622	71.37254901960785	5029	13:41:00
112126	71.37254901960785	5038	14:19:00
614925	71.37254901960785	5074	10:24:00
489371	71.37254901960785	5092	13:59:00
85222	71.37254901960785	5121	08:19:00
181089	71.37254901960785	5121	09:07:00
25|6
563692	71.37254901960785	3652	23:16:00
582591	71.37254901960785	3652	23:16:00
600770	71.37254901960785	3652	23:16:00
607946	71.37254901960785	3652	23:16:00
274703	71.37254901960785	3652	23:17:00
362307	71.37254901960785	3652	23:19:00
26|6
614243	71.37254901960785	4315	19:25:00
617646	71.37254901960785	4315	19:25:00
622325	71.37254901960785	4315	19:25:00
55629	71.37254901960785	4315	19:32:00
363904	71.37254901960785	4315	19:32:00
373402	71.37254901960785	4315	19:32:00
27|6
169081	71.37254901960785	4637	07:48:00
386683	71.37254901960785	4637	07:48:00
224051	71.37254901960785	4703	06:34:00
436056	71.37254901960785	4800	15:25:00
473055	71.37254901960785	4902	17:21:00
26226	71.37254901960785	4902	17:29:00
28|6
75707	71.37254901960785	6028	02:29:00
397543	71.37254901960785	6028	02:29:00
298685	71.37254901960785	6028	02:32:00
75410	71.37254901960785	6028	02:34:00
567631	71.37254901960785	6028	02:34:00
578903	71.37254901960785	6028	02:39:00
29|6
184754	71.37254901960785	5518	03:54:00
556366	71.37254901960785	5518	03:54:00
238646	71.37254901960785	5518	03:56:00
7876	71.37254901960785	5518	03:57:00
302000	71.37254901960785	5518	03:57:00
569396	71.37254901960785	5619	19:41:00
30|6
267846	71.37254901960785	3630	21:31:00
467178	71.37254901960785	3630	21:31:00
444949	71.37254901960785	4709	13:03:00
489457	71.37254901960785	4709	13:14:00
529957	71.37254901960785	4709	13:16:00
552786	71.37254901960785	4709	13:24:00
31|6
123929	71.37254901960785	5344	20:38:00
98718	71.37254901960785	5352	09:05:00
195434	71.37254901960785	5353	23:27:00
588686	71.37254901960785	5353	23:35:00
604347	71.37254901960785	5370	16:36:00
17497	71.37254901960785	5414	18:31:00
32|6
358441	71.37254901960785	4308	18:24:00
440694	71.37254901960785	4308	18:24:00
577474	71.37254901960785	4308	18:24:00
266281	71.37254901960785	4308	18:25:00
371598	71.37254901960785	4308	18:25:00
564115	71.37254901960785	4308	18:25:00
33|6
75943	71.37254901960785	4063	08:45:00
355155	71.37254901960785	4063	08:53:00
564115	71.37254901960785	4063	08:54:00
364683	71.37254901960785	4063	09:01:00
437608	71.37254901960785	4063	09:01:00
603145	71.37254901960785	4063	09:01:00
34|6
1188	71.37254901960785	4384	15:40:00
4132	71.37254901960785	4384	15:40:00
30125	71.37254901960785	4384	15:40:00
36422	71.37254901960785	4384	15:40:00
421158	71.37254901960785	4384	15:40:00
482854	71.37254901960785	4384	15:40:00
35|6
529098	71.37254901960785	5494	14:35:00
559371	71.37254901960785	5494	15:48:00
237542	71.37254901960785	5494	15:50:00
549463	71.37254901960785	5494	15:50:00
381626	71.37254901960785	5494	16:17:00
407756	71.37254901960785	5494	16:17:00
36|6
571905	71.37254901960785	4001	20:14:00
198370	71.37254901960785	4002	16:25:00
347177	71.37254901960785	4002	16:37:00
27598	71.37254901960785	4002	16:55:00
551806	71.37254901960785	4002	16:56:00
193586	71.37254901960785	4002	17:29:00
37|6
169627	71.37254901960785	5122	13:00:00
130254	71.37254901960785	5122	13:04:00
141393	71.37254901960785	5122	13:04:00
469645	71.37254901960785	5122	14:08:00
84209	71.37254901960785	5122	15:39:00
280641	71.37254901960785	5122	15:46:00
38|6
504528	71.37254901960785	5397	07:55:00
517718	71.37254901960785	5397	07:55:00
532569	71.37254901960785	5397	07:55:00
614243	71.37254901960785	5397	07:55:00
614925	71.37254901960785	5397	07:55:00
622325	71.37254901960785	5397	07:55:00
39|6
614925	71.37254901960785	4316	22:00:00
34525	71.37254901960785	4316	22:31:00
540166	71.37254901960785	4316	22:31:00
327744	71.37254901960785	4316	22:34:00
9986	71.37254901960785	4316	22:38:00
536930	71.37254901960785	4316	22:38:00
40|6
328269	71.37254901960785	4596	07:29:00
195544	71.37254901960785	4596	07:32:00
186013	71.37254901960785	4596	07:35:00
213529	71.37254901960785	4596	07:35:00
257054	71.37254901960785	4596	07:35:00
509660	71.37254901960785	4596	07:40:00
41|6
498148	71.37254901960785	3878	14:36:00
113311	71.37254901960785	3883	01:17:00
571579	71.37254901960785	3972	15:05:00
199025	71.37254901960785	4303	21:08:00
375693	71.37254901960785	4303	21:08:00
591163	71.37254901960785	4303	21:08:00
42|6
134908	71.37254901960785	4596	13:45:00
303711	71.37254901960785	4597	08:56:00
3669	71.37254901960785	4597	09:58:00
458099	71.37254901960785	4598	08:21:00
82555	71.37254901960785	4598	10:13:00
248920	71.37254901960785	4598	10:13:00
43|6
309068	71.37254901960785	4635	00:15:00
328957	71.37254901960785	4635	00:15:00
376863	71.37254901960785	4635	00:15:00
60117	71.37254901960785	4635	00:20:00
409361	71.37254901960785	4635	00:20:00
581975	71.37254901960785	4641	08:55:00
