0|6
550452	74.50980392156863	5229	18:10:00
323933	74.50980392156863	5802	11:05:00
159248	74.50980392156863	5802	11:27:00
554099	74.50980392156863	5815	16:02:00
70896	74.50980392156863	5815	16:26:00
518385	74.50980392156863	5815	16:38:00
1|6
614243	74.50980392156863	5424	15:27:00
616649	74.50980392156863	5424	15:27:00
617646	74.50980392156863	5424	15:27:00
620594	74.50980392156863	5424	15:27:00
622325	74.50980392156863	5424	15:27:00
623778	74.50980392156863	5424	15:27:00
2|6
521716	74.50980392156863	4220	10:26:00
531386	74.50980392156863	4220	10:26:00
534002	74.50980392156863	4220	10:26:00
602548	74.50980392156863	4220	10:26:00
297989	74.50980392156863	5332	13:11:00
532569	74.50980392156863	5332	13:13:00
3|6
266898	74.50980392156863	3811	14:01:00
577089	74.50980392156863	3811	14:07:00
418340	74.50980392156863	3811	14:50:00
489371	74.50980392156863	4387	18:43:00
541471	74.50980392156863	4387	19:16:00
230010	74.50980392156863	4458	14:32:00
4|6
160409	74.50980392156863	4859	11:24:00
309265	74.50980392156863	4866	13:54:00
566574	74.50980392156863	4866	13:54:00
94767	74.50980392156863	4885	13:18:00
617491	74.50980392156863	4893	13:40:00
561044	74.50980392156863	4894	13:41:00
5|6
55372	74.50980392156863	5226	13:41:00
568050	74.50980392156863	5226	13:41:00
614805	74.50980392156863	5226	13:41:00
374622	74.50980392156863	5226	13:42:00
390355	74.50980392156863	5226	13:42:00
600781	74.50980392156863	5226	13:42:00
6|6
34428	74.50980392156863	5092	15:36:00
370386	74.50980392156863	5092	15:36:00
614925	74.50980392156863	5092	15:37:00
248723	74.50980392156863	5092	15:40:00
252962	74.50980392156863	5092	15:40:00
504528	74.50980392156863	5092	15:40:00
7|6
591369	74.50980392156863	6033	19:54:00
28621	74.50980392156863	6033	19:55:00
40189	74.50980392156863	6033	19:55:00
434891	74.50980392156863	6033	19:55:00
80657	74.50980392156863	6033	19:57:00
532790	74.50980392156863	6033	20:00:00
8|6
532569	74.50980392156863	4998	14:28:00
558154	74.50980392156863	4998	14:28:00
569179	74.50980392156863	4998	14:28:00
574204	74.50980392156863	4998	14:28:00
622325	74.50980392156863	4998	14:28:00
213829	74.50980392156863	4998	14:50:00
9|6
531386	74.50980392156863	4607	22:13:00
532569	74.50980392156863	4607	22:13:00
592747	74.50980392156863	4607	22:13:00
602602	74.50980392156863	4607	22:13:00
614925	74.50980392156863	4607	22:13:00
622325	74.50980392156863	4607	22:13:00
10|6
453396	74.50980392156863	3546	10:12:00
587636	74.50980392156863	3546	10:12:00
591461	74.50980392156863	3546	10:12:00
596241	74.50980392156863	3546	10:12:00
612520	74.50980392156863	3546	10:12:00
616649	74.50980392156863	3546	10:12:00
11|6
533053	74.50980392156863	4665	22:26:00
2273	74.50980392156863	4670	19:46:00
117627	74.50980392156863	4670	19:47:00
436796	74.50980392156863	4670	19:48:00
613923	74.50980392156863	4670	19:52:00
359283	74.50980392156863	4670	19:56:00
12|6
275010	74.50980392156863	5070	00:06:00
46030	74.50980392156863	5070	00:17:00
29235	74.50980392156863	5070	00:19:00
498179	74.50980392156863	5070	00:19:00
556541	74.50980392156863	5070	00:19:00
558814	74.50980392156863	5172	14:59:00
13|6
546992	74.50980392156863	4980	00:39:00
567726	74.50980392156863	4980	00:39:00
583090	74.50980392156863	4980	00:39:00
587636	74.50980392156863	4980	00:39:00
616649	74.50980392156863	4980	00:39:00
617646	74.50980392156863	4980	00:39:00
14|6
543905	74.50980392156863	5387	10:21:00
572538	74.50980392156863	5387	10:21:00
28590	74.50980392156863	5391	05:24:00
268594	74.50980392156863	5392	14:37:00
308881	74.50980392156863	5392	14:37:00
334831	74.50980392156863	5392	14:37:00
15|6
281112	74.50980392156863	5712	16:08:00
309256	74.50980392156863	5721	07:15:00
496762	74.50980392156863	5731	09:54:00
614925	74.50980392156863	5735	06:47:00
165824	74.50980392156863	5743	07:40:00
367313	74.50980392156863	5771	08:08:00
16|6
550452	74.50980392156863	5135	20:54:00
56437	74.50980392156863	5137	21:16:00
13379	74.50980392156863	5141	20:35:00
39046	74.50980392156863	5141	20:53:00
405897	74.50980392156863	5156	16:44:00
267723	74.50980392156863	5189	10:04:00
17|6
25205	74.50980392156863	4934	13:12:00
103410	74.50980392156863	4935	22:39:00
624550	74.50980392156863	4935	22:44:00
338242	74.50980392156863	4935	22:48:00
25311	74.50980392156863	4935	22:57:00
47310	74.50980392156863	4935	22:58:00
18|6
359811	74.50980392156863	5886	09:59:00
576535	74.50980392156863	5886	09:59:00
260310	74.50980392156863	5950	23:02:00
49509	74.50980392156863	6161	18:54:00
206975	74.50980392156863	6161	18:54:00
252459	74.50980392156863	6161	19:52:00
19|6
539904	74.50980392156863	4896	12:27:00
548098	74.50980392156863	4896	12:27:00
592747	74.50980392156863	4896	12:27:00
600770	74.50980392156863	4896	12:27:00
608376	74.50980392156863	4896	12:27:00
622325	74.50980392156863	4896	12:27:00
20|6
489371	74.50980392156863	4025	13:01:00
517526	74.50980392156863	4025	13:01:00
538823	74.50980392156863	4025	13:01:00
540934	74.50980392156863	4025	13:01:00
600770	74.50980392156863	4025	13:01:00
607946	74.50980392156863	4025	13:01:00
21|6
116469	74.50980392156863	4477	20:08:00
33730	74.50980392156863	4477	20:11:00
100025	74.50980392156863	4477	20:11:00
95970	74.50980392156863	4477	20:15:00
267723	74.50980392156863	4477	20:15:00
449769	74.50980392156863	4477	20:15:00
22|6
559390	74.50980392156863	4394	19:58:00
152442	74.50980392156863	4394	20:53:00
182003	74.50980392156863	4394	20:53:00
225679	74.50980392156863	4394	20:53:00
41414	74.50980392156863	4394	21:00:00
106447	74.50980392156863	4423	15:53:00
23|6
540166	74.50980392156863	4736	06:24:00
389637	74.50980392156863	4739	03:02:00
44531	74.50980392156863	4797	05:16:00
130559	74.50980392156863	4800	03:17:00
173049	74.50980392156863	4801	01:57:00
48550	74.50980392156863	4892	02:30:00
24|6
459622	74.50980392156863	5029	13:41:00
112126	74.50980392156863	5038	14:19:00
614925	74.50980392156863	5074	10:24:00
489371	74.50980392156863	5092	13:59:00
85222	74.50980392156863	5121	08:19:00
181089	74.50980392156863	5121	09:07:00
25|6
563692	74.50980392156863	3652	23:16:00
582591	74.50980392156863	3652	23:16:00
600770	74.50980392156863	3652	23:16:00
607946	74.50980392156863	3652	23:16:00
274703	74.50980392156863	3652	23:17:00
362307	74.50980392156863	3652	23:19:00
26|6
614243	74.50980392156863	4315	19:25:00
617646	74.50980392156863	4315	19:25:00
622325	74.50980392156863	4315	19:25:00
55629	74.50980392156863	4315	19:32:00
363904	74.50980392156863	4315	19:32:00
373402	74.50980392156863	4315	19:32:00
27|6
169081	74.50980392156863	4637	07:48:00
386683	74.50980392156863	4637	07:48:00
224051	74.50980392156863	4703	06:34:00
436056	74.50980392156863	4800	15:25:00
473055	74.50980392156863	4902	17:21:00
26226	74.50980392156863	4902	17:29:00
28|6
75707	74.50980392156863	6028	02:29:00
397543	74.50980392156863	6028	02:29:00
298685	74.50980392156863	6028	02:32:00
75410	74.50980392156863	6028	02:34:00
567631	74.50980392156863	6028	02:34:00
578903	74.50980392156863	6028	02:39:00
29|6
184754	74.50980392156863	5518	03:54:00
556366	74.50980392156863	5518	03:54:00
238646	74.50980392156863	5518	03:56:00
7876	74.50980392156863	5518	03:57:00
302000	74.50980392156863	5518	03:57:00
569396	74.50980392156863	5619	19:41:00
30|6
267846	74.50980392156863	3630	21:31:00
467178	74.50980392156863	3630	21:31:00
444949	74.50980392156863	4709	13:03:00
489457	74.50980392156863	4709	13:14:00
529957	74.50980392156863	4709	13:16:00
552786	74.50980392156863	4709	13:24:00
31|6
123929	74.50980392156863	5344	20:38:00
98718	74.50980392156863	5352	09:05:00
195434	74.50980392156863	5353	23:27:00
588686	74.50980392156863	5353	23:35:00
604347	74.50980392156863	5370	16:36:00
17497	74.50980392156863	5414	18:31:00
32|6
358441	74.50980392156863	4308	18:24:00
440694	74.50980392156863	4308	18:24:00
577474	74.50980392156863	4308	18:24:00
266281	74.50980392156863	4308	18:25:00
371598	74.50980392156863	4308	18:25:00
564115	74.50980392156863	4308	18:25:00
33|6
75943	74.50980392156863	4063	08:45:00
355155	74.50980392156863	4063	08:53:00
564115	74.50980392156863	4063	08:54:00
364683	74.50980392156863	4063	09:01:00
437608	74.50980392156863	4063	09:01:00
603145	74.50980392156863	4063	09:01:00
34|6
1188	74.50980392156863	4384	15:40:00
4132	74.50980392156863	4384	15:40:00
30125	74.50980392156863	4384	15:40:00
36422	74.50980392156863	4384	15:40:00
421158	74.50980392156863	4384	15:40:00
482854	74.50980392156863	4384	15:40:00
35|6
529098	74.50980392156863	5494	14:35:00
559371	74.50980392156863	5494	15:48:00
237542	74.50980392156863	5494	15:50:00
549463	74.50980392156863	5494	15:50:00
381626	74.50980392156863	5494	16:17:00
407756	74.50980392156863	5494	16:17:00
36|6
571905	74.50980392156863	4001	20:14:00
198370	74.50980392156863	4002	16:25:00
347177	74.50980392156863	4002	16:37:00
27598	74.50980392156863	4002	16:55:00
551806	74.50980392156863	4002	16:56:00
193586	74.50980392156863	4002	17:29:00
37|6
169627	74.50980392156863	5122	13:00:00
130254	74.50980392156863	5122	13:04:00
141393	74.50980392156863	5122	13:04:00
469645	74.50980392156863	5122	14:08:00
84209	74.50980392156863	5122	15:39:00
280641	74.50980392156863	5122	15:46:00
38|6
504528	74.50980392156863	5397	07:55:00
517718	74.50980392156863	5397	07:55:00
532569	74.50980392156863	5397	07:55:00
614243	74.50980392156863	5397	07:55:00
614925	74.50980392156863	5397	07:55:00
622325	74.50980392156863	5397	07:55:00
39|6
614925	74.50980392156863	4316	22:00:00
34525	74.50980392156863	4316	22:31:00
540166	74.50980392156863	4316	22:31:00
327744	74.50980392156863	4316	22:34:00
9986	74.50980392156863	4316	22:38:00
536930	74.50980392156863	4316	22:38:00
40|6
328269	74.50980392156863	4596	07:29:00
195544	74.50980392156863	4596	07:32:00
186013	74.50980392156863	4596	07:35:00
213529	74.50980392156863	4596	07:35:00
257054	74.50980392156863	4596	07:35:00
509660	74.50980392156863	4596	07:40:00
41|6
498148	74.50980392156863	3878	14:36:00
113311	74.50980392156863	3883	01:17:00
571579	74.50980392156863	3972	15:05:00
199025	74.50980392156863	4303	21:08:00
375693	74.50980392156863	4303	21:08:00
591163	74.50980392156863	4303	21:08:00
42|6
134908	74.50980392156863	4596	13:45:00
303711	74.50980392156863	4597	08:56:00
3669	74.50980392156863	4597	09:58:00
458099	74.50980392156863	4598	08:21:00
82555	74.50980392156863	4598	10:13:00
248920	74.50980392156863	4598	10:13:00
43|6
309068	74.50980392156863	4635	00:15:00
328957	74.50980392156863	4635	00:15:00
376863	74.50980392156863	4635	00:15:00
60117	74.50980392156863	4635	00:20:00
409361	74.50980392156863	4635	00:20:00
581975	74.50980392156863	4641	08:55:00
