0|6
550452	75.29411764705883	5229	18:10:00
323933	75.29411764705883	5802	11:05:00
159248	75.29411764705883	5802	11:27:00
554099	75.29411764705883	5815	16:02:00
70896	75.29411764705883	5815	16:26:00
518385	75.29411764705883	5815	16:38:00
1|6
614243	75.29411764705883	5424	15:27:00
616649	75.29411764705883	5424	15:27:00
617646	75.29411764705883	5424	15:27:00
620594	75.29411764705883	5424	15:27:00
622325	75.29411764705883	5424	15:27:00
623778	75.29411764705883	5424	15:27:00
2|6
521716	75.29411764705883	4220	10:26:00
531386	75.29411764705883	4220	10:26:00
534002	75.29411764705883	4220	10:26:00
602548	75.29411764705883	4220	10:26:00
297989	75.29411764705883	5332	13:11:00
532569	75.29411764705883	5332	13:13:00
3|6
266898	75.29411764705883	3811	14:01:00
577089	75.29411764705883	3811	14:07:00
418340	75.29411764705883	3811	14:50:00
489371	75.29411764705883	4387	18:43:00
541471	75.29411764705883	4387	19:16:00
230010	75.29411764705883	4458	14:32:00
4|6
160409	75.29411764705883	4859	11:24:00
309265	75.29411764705883	4866	13:54:00
566574	75.29411764705883	4866	13:54:00
94767	75.29411764705883	4885	13:18:00
617491	75.29411764705883	4893	13:40:00
561044	75.29411764705883	4894	13:41:00
5|6
55372	75.29411764705883	5226	13:41:00
568050	75.29411764705883	5226	13:41:00
614805	75.29411764705883	5226	13:41:00
374622	75.29411764705883	5226	13:42:00
390355	75.29411764705883	5226	13:42:00
600781	75.29411764705883	5226	13:42:00
6|6
34428	75.29411764705883	5092	15:36:00
370386	75.29411764705883	5092	15:36:00
614925	75.29411764705883	5092	15:37:00
248723	75.29411764705883	5092	15:40:00
252962	75.29411764705883	5092	15:40:00
504528	75.29411764705883	5092	15:40:00
7|6
591369	75.29411764705883	6033	19:54:00
28621	75.29411764705883	6033	19:55:00
40189	75.29411764705883	6033	19:55:00
434891	75.29411764705883	6033	19:55:00
80657	75.29411764705883	6033	19:57:00
532790	75.29411764705883	6033	20:00:00
8|6
532569	75.29411764705883	4998	14:28:00
558154	75.29411764705883	4998	14:28:00
569179	75.29411764705883	4998	14:28:00
574204	75.29411764705883	4998	14:28:00
622325	75.29411764705883	4998	14:28:00
213829	75.29411764705883	4998	14:50:00
9|6
531386	75.29411764705883	4607	22:13:00
532569	75.29411764705883	4607	22:13:00
592747	75.29411764705883	4607	22:13:00
602602	75.29411764705883	4607	22:13:00
614925	75.29411764705883	4607	22:13:00
622325	75.29411764705883	4607	22:13:00
10|6
453396	75.29411764705883	3546	10:12:00
587636	75.29411764705883	3546	10:12:00
591461	75.29411764705883	3546	10:12:00
596241	75.29411764705883	3546	10:12:00
612520	75.29411764705883	3546	10:12:00
616649	75.29411764705883	3546	10:12:00
11|6
533053	75.29411764705883	4665	22:26:00
2273	75.29411764705883	4670	19:46:00
117627	75.29411764705883	4670	19:47:00
436796	75.29411764705883	4670	19:48:00
613923	75.29411764705883	4670	19:52:00
359283	75.29411764705883	4670	19:56:00
12|6
275010	75.29411764705883	5070	00:06:00
46030	75.29411764705883	5070	00:17:00
29235	75.29411764705883	5070	00:19:00
498179	75.29411764705883	5070	00:19:00
556541	75.29411764705883	5070	00:19:00
558814	75.29411764705883	5172	14:59:00
13|6
546992	75.29411764705883	4980	00:39:00
567726	75.29411764705883	4980	00:39:00
583090	75.29411764705883	4980	00:39:00
587636	75.29411764705883	4980	00:39:00
616649	75.29411764705883	4980	00:39:00
617646	75.29411764705883	4980	00:39:00
14|6
543905	75.29411764705883	5387	10:21:00
572538	75.29411764705883	5387	10:21:00
28590	75.29411764705883	5391	05:24:00
268594	75.29411764705883	5392	14:37:00
308881	75.29411764705883	5392	14:37:00
334831	75.29411764705883	5392	14:37:00
15|6
281112	75.29411764705883	5712	16:08:00
309256	75.29411764705883	5721	07:15:00
496762	75.29411764705883	5731	09:54:00
614925	75.29411764705883	5735	06:47:00
165824	75.29411764705883	5743	07:40:00
367313	75.29411764705883	5771	08:08:00
16|6
550452	75.29411764705883	5135	20:54:00
56437	75.29411764705883	5137	21:16:00
13379	75.29411764705883	5141	20:35:00
39046	75.29411764705883	5141	20:53:00
405897	75.29411764705883	5156	16:44:00
267723	75.29411764705883	5189	10:04:00
17|6
25205	75.29411764705883	4934	13:12:00
103410	75.29411764705883	4935	22:39:00
624550	75.29411764705883	4935	22:44:00
338242	75.29411764705883	4935	22:48:00
25311	75.29411764705883	4935	22:57:00
47310	75.29411764705883	4935	22:58:00
18|6
359811	75.29411764705883	5886	09:59:00
576535	75.29411764705883	5886	09:59:00
260310	75.29411764705883	5950	23:02:00
49509	75.29411764705883	6161	18:54:00
206975	75.29411764705883	6161	18:54:00
252459	75.29411764705883	6161	19:52:00
19|6
539904	75.29411764705883	4896	12:27:00
548098	75.29411764705883	4896	12:27:00
592747	75.29411764705883	4896	12:27:00
600770	75.29411764705883	4896	12:27:00
608376	75.29411764705883	4896	12:27:00
622325	75.29411764705883	4896	12:27:00
20|6
489371	75.29411764705883	4025	13:01:00
517526	75.29411764705883	4025	13:01:00
538823	75.29411764705883	4025	13:01:00
540934	75.29411764705883	4025	13:01:00
600770	75.29411764705883	4025	13:01:00
607946	75.29411764705883	4025	13:01:00
21|6
116469	75.29411764705883	4477	20:08:00
33730	75.29411764705883	4477	20:11:00
100025	75.29411764705883	4477	20:11:00
95970	75.29411764705883	4477	20:15:00
267723	75.29411764705883	4477	20:15:00
449769	75.29411764705883	4477	20:15:00
22|6
559390	75.29411764705883	4394	19:58:00
152442	75.29411764705883	4394	20:53:00
182003	75.29411764705883	4394	20:53:00
225679	75.29411764705883	4394	20:53:00
41414	75.29411764705883	4394	21:00:00
106447	75.29411764705883	4423	15:53:00
23|6
540166	75.29411764705883	4736	06:24:00
389637	75.29411764705883	4739	03:02:00
44531	75.29411764705883	4797	05:16:00
130559	75.29411764705883	4800	03:17:00
173049	75.29411764705883	4801	01:57:00
48550	75.29411764705883	4892	02:30:00
24|6
459622	75.29411764705883	5029	13:41:00
112126	75.29411764705883	5038	14:19:00
614925	75.29411764705883	5074	10:24:00
489371	75.29411764705883	5092	13:59:00
85222	75.29411764705883	5121	08:19:00
181089	75.29411764705883	5121	09:07:00
25|6
563692	75.29411764705883	3652	23:16:00
582591	75.29411764705883	3652	23:16:00
600770	75.29411764705883	3652	23:16:00
607946	75.29411764705883	3652	23:16:00
274703	75.29411764705883	3652	23:17:00
362307	75.29411764705883	3652	23:19:00
26|6
614243	75.29411764705883	4315	19:25:00
617646	75.29411764705883	4315	19:25:00
622325	75.29411764705883	4315	19:25:00
55629	75.29411764705883	4315	19:32:00
363904	75.29411764705883	4315	19:32:00
373402	75.29411764705883	4315	19:32:00
27|6
169081	75.29411764705883	4637	07:48:00
386683	75.29411764705883	4637	07:48:00
224051	75.29411764705883	4703	06:34:00
436056	75.29411764705883	4800	15:25:00
473055	75.29411764705883	4902	17:21:00
26226	75.29411764705883	4902	17:29:00
28|6
75707	75.29411764705883	6028	02:29:00
397543	75.29411764705883	6028	02:29:00
298685	75.29411764705883	6028	02:32:00
75410	75.29411764705883	6028	02:34:00
567631	75.29411764705883	6028	02:34:00
578903	75.29411764705883	6028	02:39:00
29|6
184754	75.29411764705883	5518	03:54:00
556366	75.29411764705883	5518	03:54:00
238646	75.29411764705883	5518	03:56:00
7876	75.29411764705883	5518	03:57:00
302000	75.29411764705883	5518	03:57:00
569396	75.29411764705883	5619	19:41:00
30|6
267846	75.29411764705883	3630	21:31:00
467178	75.29411764705883	3630	21:31:00
444949	75.29411764705883	4709	13:03:00
489457	75.29411764705883	4709	13:14:00
529957	75.29411764705883	4709	13:16:00
552786	75.29411764705883	4709	13:24:00
31|6
123929	75.29411764705883	5344	20:38:00
98718	75.29411764705883	5352	09:05:00
195434	75.29411764705883	5353	23:27:00
588686	75.29411764705883	5353	23:35:00
604347	75.29411764705883	5370	16:36:00
17497	75.29411764705883	5414	18:31:00
32|6
358441	75.29411764705883	4308	18:24:00
440694	75.29411764705883	4308	18:24:00
577474	75.29411764705883	4308	18:24:00
266281	75.29411764705883	4308	18:25:00
371598	75.29411764705883	4308	18:25:00
564115	75.29411764705883	4308	18:25:00
33|6
75943	75.29411764705883	4063	08:45:00
355155	75.29411764705883	4063	08:53:00
564115	75.29411764705883	4063	08:54:00
364683	75.29411764705883	4063	09:01:00
437608	75.29411764705883	4063	09:01:00
603145	75.29411764705883	4063	09:01:00
34|6
1188	75.29411764705883	4384	15:40:00
4132	75.29411764705883	4384	15:40:00
30125	75.29411764705883	4384	15:40:00
36422	75.29411764705883	4384	15:40:00
421158	75.29411764705883	4384	15:40:00
482854	75.29411764705883	4384	15:40:00
35|6
529098	75.29411764705883	5494	14:35:00
559371	75.29411764705883	5494	15:48:00
237542	75.29411764705883	5494	15:50:00
549463	75.29411764705883	5494	15:50:00
381626	75.29411764705883	5494	16:17:00
407756	75.29411764705883	5494	16:17:00
36|6
571905	75.29411764705883	4001	20:14:00
198370	75.29411764705883	4002	16:25:00
347177	75.29411764705883	4002	16:37:00
27598	75.29411764705883	4002	16:55:00
551806	75.29411764705883	4002	16:56:00
193586	75.29411764705883	4002	17:29:00
37|6
169627	75.29411764705883	5122	13:00:00
130254	75.29411764705883	5122	13:04:00
141393	75.29411764705883	5122	13:04:00
469645	75.29411764705883	5122	14:08:00
84209	75.29411764705883	5122	15:39:00
280641	75.29411764705883	5122	15:46:00
38|6
504528	75.29411764705883	5397	07:55:00
517718	75.29411764705883	5397	07:55:00
532569	75.29411764705883	5397	07:55:00
614243	75.29411764705883	5397	07:55:00
614925	75.29411764705883	5397	07:55:00
622325	75.29411764705883	5397	07:55:00
39|6
614925	75.29411764705883	4316	22:00:00
34525	75.29411764705883	4316	22:31:00
540166	75.29411764705883	4316	22:31:00
327744	75.29411764705883	4316	22:34:00
9986	75.29411764705883	4316	22:38:00
536930	75.29411764705883	4316	22:38:00
40|6
328269	75.29411764705883	4596	07:29:00
195544	75.29411764705883	4596	07:32:00
186013	75.29411764705883	4596	07:35:00
213529	75.29411764705883	4596	07:35:00
257054	75.29411764705883	4596	07:35:00
509660	75.29411764705883	4596	07:40:00
41|6
498148	75.29411764705883	3878	14:36:00
113311	75.29411764705883	3883	01:17:00
571579	75.29411764705883	3972	15:05:00
199025	75.29411764705883	4303	21:08:00
375693	75.29411764705883	4303	21:08:00
591163	75.29411764705883	4303	21:08:00
42|6
134908	75.29411764705883	4596	13:45:00
303711	75.29411764705883	4597	08:56:00
3669	75.29411764705883	4597	09:58:00
458099	75.29411764705883	4598	08:21:00
82555	75.29411764705883	4598	10:13:00
248920	75.29411764705883	4598	10:13:00
43|6
309068	75.29411764705883	4635	00:15:00
328957	75.29411764705883	4635	00:15:00
376863	75.29411764705883	4635	00:15:00
60117	75.29411764705883	4635	00:20:00
409361	75.29411764705883	4635	00:20:00
581975	75.29411764705883	4641	08:55:00
