0|6
550452	76.07843137254902	5229	18:10:00
323933	76.07843137254902	5802	11:05:00
159248	76.07843137254902	5802	11:27:00
554099	76.07843137254902	5815	16:02:00
70896	76.07843137254902	5815	16:26:00
518385	76.07843137254902	5815	16:38:00
1|6
614243	76.07843137254902	5424	15:27:00
616649	76.07843137254902	5424	15:27:00
617646	76.07843137254902	5424	15:27:00
620594	76.07843137254902	5424	15:27:00
622325	76.07843137254902	5424	15:27:00
623778	76.07843137254902	5424	15:27:00
2|6
521716	76.07843137254902	4220	10:26:00
531386	76.07843137254902	4220	10:26:00
534002	76.07843137254902	4220	10:26:00
602548	76.07843137254902	4220	10:26:00
297989	76.07843137254902	5332	13:11:00
532569	76.07843137254902	5332	13:13:00
3|6
266898	76.07843137254902	3811	14:01:00
577089	76.07843137254902	3811	14:07:00
418340	76.07843137254902	3811	14:50:00
489371	76.07843137254902	4387	18:43:00
541471	76.07843137254902	4387	19:16:00
230010	76.07843137254902	4458	14:32:00
4|6
160409	76.07843137254902	4859	11:24:00
309265	76.07843137254902	4866	13:54:00
566574	76.07843137254902	4866	13:54:00
94767	76.07843137254902	4885	13:18:00
617491	76.07843137254902	4893	13:40:00
561044	76.07843137254902	4894	13:41:00
5|6
55372	76.07843137254902	5226	13:41:00
568050	76.07843137254902	5226	13:41:00
614805	76.07843137254902	5226	13:41:00
374622	76.07843137254902	5226	13:42:00
390355	76.07843137254902	5226	13:42:00
600781	76.07843137254902	5226	13:42:00
6|6
34428	76.07843137254902	5092	15:36:00
370386	76.07843137254902	5092	15:36:00
614925	76.07843137254902	5092	15:37:00
248723	76.07843137254902	5092	15:40:00
252962	76.07843137254902	5092	15:40:00
504528	76.07843137254902	5092	15:40:00
7|6
591369	76.07843137254902	6033	19:54:00
28621	76.07843137254902	6033	19:55:00
40189	76.07843137254902	6033	19:55:00
434891	76.07843137254902	6033	19:55:00
80657	76.07843137254902	6033	19:57:00
532790	76.07843137254902	6033	20:00:00
8|6
532569	76.07843137254902	4998	14:28:00
558154	76.07843137254902	4998	14:28:00
569179	76.07843137254902	4998	14:28:00
574204	76.07843137254902	4998	14:28:00
622325	76.07843137254902	4998	14:28:00
213829	76.07843137254902	4998	14:50:00
9|6
531386	76.07843137254902	4607	22:13:00
532569	76.07843137254902	4607	22:13:00
592747	76.07843137254902	4607	22:13:00
602602	76.07843137254902	4607	22:13:00
614925	76.07843137254902	4607	22:13:00
622325	76.07843137254902	4607	22:13:00
10|6
453396	76.07843137254902	3546	10:12:00
587636	76.07843137254902	3546	10:12:00
591461	76.07843137254902	3546	10:12:00
596241	76.07843137254902	3546	10:12:00
612520	76.07843137254902	3546	10:12:00
616649	76.07843137254902	3546	10:12:00
11|6
533053	76.07843137254902	4665	22:26:00
2273	76.07843137254902	4670	19:46:00
117627	76.07843137254902	4670	19:47:00
436796	76.07843137254902	4670	19:48:00
613923	76.07843137254902	4670	19:52:00
359283	76.07843137254902	4670	19:56:00
12|6
275010	76.07843137254902	5070	00:06:00
46030	76.07843137254902	5070	00:17:00
29235	76.07843137254902	5070	00:19:00
498179	76.07843137254902	5070	00:19:00
556541	76.07843137254902	5070	00:19:00
558814	76.07843137254902	5172	14:59:00
13|6
546992	76.07843137254902	4980	00:39:00
567726	76.07843137254902	4980	00:39:00
583090	76.07843137254902	4980	00:39:00
587636	76.07843137254902	4980	00:39:00
616649	76.07843137254902	4980	00:39:00
617646	76.07843137254902	4980	00:39:00
14|6
543905	76.07843137254902	5387	10:21:00
572538	76.07843137254902	5387	10:21:00
28590	76.07843137254902	5391	05:24:00
268594	76.07843137254902	5392	14:37:00
308881	76.07843137254902	5392	14:37:00
334831	76.07843137254902	5392	14:37:00
15|6
281112	76.07843137254902	5712	16:08:00
309256	76.07843137254902	5721	07:15:00
496762	76.07843137254902	5731	09:54:00
614925	76.07843137254902	5735	06:47:00
165824	76.07843137254902	5743	07:40:00
367313	76.07843137254902	5771	08:08:00
16|6
550452	76.07843137254902	5135	20:54:00
56437	76.07843137254902	5137	21:16:00
13379	76.07843137254902	5141	20:35:00
39046	76.07843137254902	5141	20:53:00
405897	76.07843137254902	5156	16:44:00
267723	76.07843137254902	5189	10:04:00
17|6
25205	76.07843137254902	4934	13:12:00
103410	76.07843137254902	4935	22:39:00
624550	76.07843137254902	4935	22:44:00
338242	76.07843137254902	4935	22:48:00
25311	76.07843137254902	4935	22:57:00
47310	76.07843137254902	4935	22:58:00
18|6
359811	76.07843137254902	5886	09:59:00
576535	76.07843137254902	5886	09:59:00
260310	76.07843137254902	5950	23:02:00
49509	76.07843137254902	6161	18:54:00
206975	76.07843137254902	6161	18:54:00
252459	76.07843137254902	6161	19:52:00
19|6
539904	76.07843137254902	4896	12:27:00
548098	76.07843137254902	4896	12:27:00
592747	76.07843137254902	4896	12:27:00
600770	76.07843137254902	4896	12:27:00
608376	76.07843137254902	4896	12:27:00
622325	76.07843137254902	4896	12:27:00
20|6
489371	76.07843137254902	4025	13:01:00
517526	76.07843137254902	4025	13:01:00
538823	76.07843137254902	4025	13:01:00
540934	76.07843137254902	4025	13:01:00
600770	76.07843137254902	4025	13:01:00
607946	76.07843137254902	4025	13:01:00
21|6
116469	76.07843137254902	4477	20:08:00
33730	76.07843137254902	4477	20:11:00
100025	76.07843137254902	4477	20:11:00
95970	76.07843137254902	4477	20:15:00
267723	76.07843137254902	4477	20:15:00
449769	76.07843137254902	4477	20:15:00
22|6
559390	76.07843137254902	4394	19:58:00
152442	76.07843137254902	4394	20:53:00
182003	76.07843137254902	4394	20:53:00
225679	76.07843137254902	4394	20:53:00
41414	76.07843137254902	4394	21:00:00
106447	76.07843137254902	4423	15:53:00
23|6
540166	76.07843137254902	4736	06:24:00
389637	76.07843137254902	4739	03:02:00
44531	76.07843137254902	4797	05:16:00
130559	76.07843137254902	4800	03:17:00
173049	76.07843137254902	4801	01:57:00
48550	76.07843137254902	4892	02:30:00
24|6
459622	76.07843137254902	5029	13:41:00
112126	76.07843137254902	5038	14:19:00
614925	76.07843137254902	5074	10:24:00
489371	76.07843137254902	5092	13:59:00
85222	76.07843137254902	5121	08:19:00
181089	76.07843137254902	5121	09:07:00
25|6
563692	76.07843137254902	3652	23:16:00
582591	76.07843137254902	3652	23:16:00
600770	76.07843137254902	3652	23:16:00
607946	76.07843137254902	3652	23:16:00
274703	76.07843137254902	3652	23:17:00
362307	76.07843137254902	3652	23:19:00
26|6
614243	76.07843137254902	4315	19:25:00
617646	76.07843137254902	4315	19:25:00
622325	76.07843137254902	4315	19:25:00
55629	76.07843137254902	4315	19:32:00
363904	76.07843137254902	4315	19:32:00
373402	76.07843137254902	4315	19:32:00
27|6
169081	76.07843137254902	4637	07:48:00
386683	76.07843137254902	4637	07:48:00
224051	76.07843137254902	4703	06:34:00
436056	76.07843137254902	4800	15:25:00
473055	76.07843137254902	4902	17:21:00
26226	76.07843137254902	4902	17:29:00
28|6
75707	76.07843137254902	6028	02:29:00
397543	76.07843137254902	6028	02:29:00
298685	76.07843137254902	6028	02:32:00
75410	76.07843137254902	6028	02:34:00
567631	76.07843137254902	6028	02:34:00
578903	76.07843137254902	6028	02:39:00
29|6
184754	76.07843137254902	5518	03:54:00
556366	76.07843137254902	5518	03:54:00
238646	76.07843137254902	5518	03:56:00
7876	76.07843137254902	5518	03:57:00
302000	76.07843137254902	5518	03:57:00
569396	76.07843137254902	5619	19:41:00
30|6
267846	76.07843137254902	3630	21:31:00
467178	76.07843137254902	3630	21:31:00
444949	76.07843137254902	4709	13:03:00
489457	76.07843137254902	4709	13:14:00
529957	76.07843137254902	4709	13:16:00
552786	76.07843137254902	4709	13:24:00
31|6
123929	76.07843137254902	5344	20:38:00
98718	76.07843137254902	5352	09:05:00
195434	76.07843137254902	5353	23:27:00
588686	76.07843137254902	5353	23:35:00
604347	76.07843137254902	5370	16:36:00
17497	76.07843137254902	5414	18:31:00
32|6
358441	76.07843137254902	4308	18:24:00
440694	76.07843137254902	4308	18:24:00
577474	76.07843137254902	4308	18:24:00
266281	76.07843137254902	4308	18:25:00
371598	76.07843137254902	4308	18:25:00
564115	76.07843137254902	4308	18:25:00
33|6
75943	76.07843137254902	4063	08:45:00
355155	76.07843137254902	4063	08:53:00
564115	76.07843137254902	4063	08:54:00
364683	76.07843137254902	4063	09:01:00
437608	76.07843137254902	4063	09:01:00
603145	76.07843137254902	4063	09:01:00
34|6
1188	76.07843137254902	4384	15:40:00
4132	76.07843137254902	4384	15:40:00
30125	76.07843137254902	4384	15:40:00
36422	76.07843137254902	4384	15:40:00
421158	76.07843137254902	4384	15:40:00
482854	76.07843137254902	4384	15:40:00
35|6
529098	76.07843137254902	5494	14:35:00
559371	76.07843137254902	5494	15:48:00
237542	76.07843137254902	5494	15:50:00
549463	76.07843137254902	5494	15:50:00
381626	76.07843137254902	5494	16:17:00
407756	76.07843137254902	5494	16:17:00
36|6
571905	76.07843137254902	4001	20:14:00
198370	76.07843137254902	4002	16:25:00
347177	76.07843137254902	4002	16:37:00
27598	76.07843137254902	4002	16:55:00
551806	76.07843137254902	4002	16:56:00
193586	76.07843137254902	4002	17:29:00
37|6
169627	76.07843137254902	5122	13:00:00
130254	76.07843137254902	5122	13:04:00
141393	76.07843137254902	5122	13:04:00
469645	76.07843137254902	5122	14:08:00
84209	76.07843137254902	5122	15:39:00
280641	76.07843137254902	5122	15:46:00
38|6
504528	76.07843137254902	5397	07:55:00
517718	76.07843137254902	5397	07:55:00
532569	76.07843137254902	5397	07:55:00
614243	76.07843137254902	5397	07:55:00
614925	76.07843137254902	5397	07:55:00
622325	76.07843137254902	5397	07:55:00
39|6
614925	76.07843137254902	4316	22:00:00
34525	76.07843137254902	4316	22:31:00
540166	76.07843137254902	4316	22:31:00
327744	76.07843137254902	4316	22:34:00
9986	76.07843137254902	4316	22:38:00
536930	76.07843137254902	4316	22:38:00
40|6
328269	76.07843137254902	4596	07:29:00
195544	76.07843137254902	4596	07:32:00
186013	76.07843137254902	4596	07:35:00
213529	76.07843137254902	4596	07:35:00
257054	76.07843137254902	4596	07:35:00
509660	76.07843137254902	4596	07:40:00
41|6
498148	76.07843137254902	3878	14:36:00
113311	76.07843137254902	3883	01:17:00
571579	76.07843137254902	3972	15:05:00
199025	76.07843137254902	4303	21:08:00
375693	76.07843137254902	4303	21:08:00
591163	76.07843137254902	4303	21:08:00
42|6
134908	76.07843137254902	4596	13:45:00
303711	76.07843137254902	4597	08:56:00
3669	76.07843137254902	4597	09:58:00
458099	76.07843137254902	4598	08:21:00
82555	76.07843137254902	4598	10:13:00
248920	76.07843137254902	4598	10:13:00
43|6
309068	76.07843137254902	4635	00:15:00
328957	76.07843137254902	4635	00:15:00
376863	76.07843137254902	4635	00:15:00
60117	76.07843137254902	4635	00:20:00
409361	76.07843137254902	4635	00:20:00
581975	76.07843137254902	4641	08:55:00
