0|6
550452	77.25490196078432	5229	18:10:00
323933	77.25490196078432	5802	11:05:00
159248	77.25490196078432	5802	11:27:00
554099	77.25490196078432	5815	16:02:00
70896	77.25490196078432	5815	16:26:00
518385	77.25490196078432	5815	16:38:00
1|6
614243	77.25490196078432	5424	15:27:00
616649	77.25490196078432	5424	15:27:00
617646	77.25490196078432	5424	15:27:00
620594	77.25490196078432	5424	15:27:00
622325	77.25490196078432	5424	15:27:00
623778	77.25490196078432	5424	15:27:00
2|6
521716	77.25490196078432	4220	10:26:00
531386	77.25490196078432	4220	10:26:00
534002	77.25490196078432	4220	10:26:00
602548	77.25490196078432	4220	10:26:00
297989	77.25490196078432	5332	13:11:00
532569	77.25490196078432	5332	13:13:00
3|6
266898	77.25490196078432	3811	14:01:00
577089	77.25490196078432	3811	14:07:00
418340	77.25490196078432	3811	14:50:00
489371	77.25490196078432	4387	18:43:00
541471	77.25490196078432	4387	19:16:00
230010	77.25490196078432	4458	14:32:00
4|6
160409	77.25490196078432	4859	11:24:00
309265	77.25490196078432	4866	13:54:00
566574	77.25490196078432	4866	13:54:00
94767	77.25490196078432	4885	13:18:00
617491	77.25490196078432	4893	13:40:00
561044	77.25490196078432	4894	13:41:00
5|6
55372	77.25490196078432	5226	13:41:00
568050	77.25490196078432	5226	13:41:00
614805	77.25490196078432	5226	13:41:00
374622	77.25490196078432	5226	13:42:00
390355	77.25490196078432	5226	13:42:00
600781	77.25490196078432	5226	13:42:00
6|6
34428	77.25490196078432	5092	15:36:00
370386	77.25490196078432	5092	15:36:00
614925	77.25490196078432	5092	15:37:00
248723	77.25490196078432	5092	15:40:00
252962	77.25490196078432	5092	15:40:00
504528	77.25490196078432	5092	15:40:00
7|6
591369	77.25490196078432	6033	19:54:00
28621	77.25490196078432	6033	19:55:00
40189	77.25490196078432	6033	19:55:00
434891	77.25490196078432	6033	19:55:00
80657	77.25490196078432	6033	19:57:00
532790	77.25490196078432	6033	20:00:00
8|6
532569	77.25490196078432	4998	14:28:00
558154	77.25490196078432	4998	14:28:00
569179	77.25490196078432	4998	14:28:00
574204	77.25490196078432	4998	14:28:00
622325	77.25490196078432	4998	14:28:00
213829	77.25490196078432	4998	14:50:00
9|6
531386	77.25490196078432	4607	22:13:00
532569	77.25490196078432	4607	22:13:00
592747	77.25490196078432	4607	22:13:00
602602	77.25490196078432	4607	22:13:00
614925	77.25490196078432	4607	22:13:00
622325	77.25490196078432	4607	22:13:00
10|6
453396	77.25490196078432	3546	10:12:00
587636	77.25490196078432	3546	10:12:00
591461	77.25490196078432	3546	10:12:00
596241	77.25490196078432	3546	10:12:00
612520	77.25490196078432	3546	10:12:00
616649	77.25490196078432	3546	10:12:00
11|6
533053	77.25490196078432	4665	22:26:00
2273	77.25490196078432	4670	19:46:00
117627	77.25490196078432	4670	19:47:00
436796	77.25490196078432	4670	19:48:00
613923	77.25490196078432	4670	19:52:00
359283	77.25490196078432	4670	19:56:00
12|6
275010	77.25490196078432	5070	00:06:00
46030	77.25490196078432	5070	00:17:00
29235	77.25490196078432	5070	00:19:00
498179	77.25490196078432	5070	00:19:00
556541	77.25490196078432	5070	00:19:00
558814	77.25490196078432	5172	14:59:00
13|6
546992	77.25490196078432	4980	00:39:00
567726	77.25490196078432	4980	00:39:00
583090	77.25490196078432	4980	00:39:00
587636	77.25490196078432	4980	00:39:00
616649	77.25490196078432	4980	00:39:00
617646	77.25490196078432	4980	00:39:00
14|6
543905	77.25490196078432	5387	10:21:00
572538	77.25490196078432	5387	10:21:00
28590	77.25490196078432	5391	05:24:00
268594	77.25490196078432	5392	14:37:00
308881	77.25490196078432	5392	14:37:00
334831	77.25490196078432	5392	14:37:00
15|6
281112	77.25490196078432	5712	16:08:00
309256	77.25490196078432	5721	07:15:00
496762	77.25490196078432	5731	09:54:00
614925	77.25490196078432	5735	06:47:00
165824	77.25490196078432	5743	07:40:00
367313	77.25490196078432	5771	08:08:00
16|6
550452	77.25490196078432	5135	20:54:00
56437	77.25490196078432	5137	21:16:00
13379	77.25490196078432	5141	20:35:00
39046	77.25490196078432	5141	20:53:00
405897	77.25490196078432	5156	16:44:00
267723	77.25490196078432	5189	10:04:00
17|6
25205	77.25490196078432	4934	13:12:00
103410	77.25490196078432	4935	22:39:00
624550	77.25490196078432	4935	22:44:00
338242	77.25490196078432	4935	22:48:00
25311	77.25490196078432	4935	22:57:00
47310	77.25490196078432	4935	22:58:00
18|6
359811	77.25490196078432	5886	09:59:00
576535	77.25490196078432	5886	09:59:00
260310	77.25490196078432	5950	23:02:00
49509	77.25490196078432	6161	18:54:00
206975	77.25490196078432	6161	18:54:00
252459	77.25490196078432	6161	19:52:00
19|6
539904	77.25490196078432	4896	12:27:00
548098	77.25490196078432	4896	12:27:00
592747	77.25490196078432	4896	12:27:00
600770	77.25490196078432	4896	12:27:00
608376	77.25490196078432	4896	12:27:00
622325	77.25490196078432	4896	12:27:00
20|6
489371	77.25490196078432	4025	13:01:00
517526	77.25490196078432	4025	13:01:00
538823	77.25490196078432	4025	13:01:00
540934	77.25490196078432	4025	13:01:00
600770	77.25490196078432	4025	13:01:00
607946	77.25490196078432	4025	13:01:00
21|6
116469	77.25490196078432	4477	20:08:00
33730	77.25490196078432	4477	20:11:00
100025	77.25490196078432	4477	20:11:00
95970	77.25490196078432	4477	20:15:00
267723	77.25490196078432	4477	20:15:00
449769	77.25490196078432	4477	20:15:00
22|6
559390	77.25490196078432	4394	19:58:00
152442	77.25490196078432	4394	20:53:00
182003	77.25490196078432	4394	20:53:00
225679	77.25490196078432	4394	20:53:00
41414	77.25490196078432	4394	21:00:00
106447	77.25490196078432	4423	15:53:00
23|6
540166	77.25490196078432	4736	06:24:00
389637	77.25490196078432	4739	03:02:00
44531	77.25490196078432	4797	05:16:00
130559	77.25490196078432	4800	03:17:00
173049	77.25490196078432	4801	01:57:00
48550	77.25490196078432	4892	02:30:00
24|6
459622	77.25490196078432	5029	13:41:00
112126	77.25490196078432	5038	14:19:00
614925	77.25490196078432	5074	10:24:00
489371	77.25490196078432	5092	13:59:00
85222	77.25490196078432	5121	08:19:00
181089	77.25490196078432	5121	09:07:00
25|6
563692	77.25490196078432	3652	23:16:00
582591	77.25490196078432	3652	23:16:00
600770	77.25490196078432	3652	23:16:00
607946	77.25490196078432	3652	23:16:00
274703	77.25490196078432	3652	23:17:00
362307	77.25490196078432	3652	23:19:00
26|6
614243	77.25490196078432	4315	19:25:00
617646	77.25490196078432	4315	19:25:00
622325	77.25490196078432	4315	19:25:00
55629	77.25490196078432	4315	19:32:00
363904	77.25490196078432	4315	19:32:00
373402	77.25490196078432	4315	19:32:00
27|6
169081	77.25490196078432	4637	07:48:00
386683	77.25490196078432	4637	07:48:00
224051	77.25490196078432	4703	06:34:00
436056	77.25490196078432	4800	15:25:00
473055	77.25490196078432	4902	17:21:00
26226	77.25490196078432	4902	17:29:00
28|6
75707	77.25490196078432	6028	02:29:00
397543	77.25490196078432	6028	02:29:00
298685	77.25490196078432	6028	02:32:00
75410	77.25490196078432	6028	02:34:00
567631	77.25490196078432	6028	02:34:00
578903	77.25490196078432	6028	02:39:00
29|6
184754	77.25490196078432	5518	03:54:00
556366	77.25490196078432	5518	03:54:00
238646	77.25490196078432	5518	03:56:00
7876	77.25490196078432	5518	03:57:00
302000	77.25490196078432	5518	03:57:00
569396	77.25490196078432	5619	19:41:00
30|6
267846	77.25490196078432	3630	21:31:00
467178	77.25490196078432	3630	21:31:00
444949	77.25490196078432	4709	13:03:00
489457	77.25490196078432	4709	13:14:00
529957	77.25490196078432	4709	13:16:00
552786	77.25490196078432	4709	13:24:00
31|6
123929	77.25490196078432	5344	20:38:00
98718	77.25490196078432	5352	09:05:00
195434	77.25490196078432	5353	23:27:00
588686	77.25490196078432	5353	23:35:00
604347	77.25490196078432	5370	16:36:00
17497	77.25490196078432	5414	18:31:00
32|6
358441	77.25490196078432	4308	18:24:00
440694	77.25490196078432	4308	18:24:00
577474	77.25490196078432	4308	18:24:00
266281	77.25490196078432	4308	18:25:00
371598	77.25490196078432	4308	18:25:00
564115	77.25490196078432	4308	18:25:00
33|6
75943	77.25490196078432	4063	08:45:00
355155	77.25490196078432	4063	08:53:00
564115	77.25490196078432	4063	08:54:00
364683	77.25490196078432	4063	09:01:00
437608	77.25490196078432	4063	09:01:00
603145	77.25490196078432	4063	09:01:00
34|6
1188	77.25490196078432	4384	15:40:00
4132	77.25490196078432	4384	15:40:00
30125	77.25490196078432	4384	15:40:00
36422	77.25490196078432	4384	15:40:00
421158	77.25490196078432	4384	15:40:00
482854	77.25490196078432	4384	15:40:00
35|6
529098	77.25490196078432	5494	14:35:00
559371	77.25490196078432	5494	15:48:00
237542	77.25490196078432	5494	15:50:00
549463	77.25490196078432	5494	15:50:00
381626	77.25490196078432	5494	16:17:00
407756	77.25490196078432	5494	16:17:00
36|6
571905	77.25490196078432	4001	20:14:00
198370	77.25490196078432	4002	16:25:00
347177	77.25490196078432	4002	16:37:00
27598	77.25490196078432	4002	16:55:00
551806	77.25490196078432	4002	16:56:00
193586	77.25490196078432	4002	17:29:00
37|6
169627	77.25490196078432	5122	13:00:00
130254	77.25490196078432	5122	13:04:00
141393	77.25490196078432	5122	13:04:00
469645	77.25490196078432	5122	14:08:00
84209	77.25490196078432	5122	15:39:00
280641	77.25490196078432	5122	15:46:00
38|6
504528	77.25490196078432	5397	07:55:00
517718	77.25490196078432	5397	07:55:00
532569	77.25490196078432	5397	07:55:00
614243	77.25490196078432	5397	07:55:00
614925	77.25490196078432	5397	07:55:00
622325	77.25490196078432	5397	07:55:00
39|6
614925	77.25490196078432	4316	22:00:00
34525	77.25490196078432	4316	22:31:00
540166	77.25490196078432	4316	22:31:00
327744	77.25490196078432	4316	22:34:00
9986	77.25490196078432	4316	22:38:00
536930	77.25490196078432	4316	22:38:00
40|6
328269	77.25490196078432	4596	07:29:00
195544	77.25490196078432	4596	07:32:00
186013	77.25490196078432	4596	07:35:00
213529	77.25490196078432	4596	07:35:00
257054	77.25490196078432	4596	07:35:00
509660	77.25490196078432	4596	07:40:00
41|6
498148	77.25490196078432	3878	14:36:00
113311	77.25490196078432	3883	01:17:00
571579	77.25490196078432	3972	15:05:00
199025	77.25490196078432	4303	21:08:00
375693	77.25490196078432	4303	21:08:00
591163	77.25490196078432	4303	21:08:00
42|6
134908	77.25490196078432	4596	13:45:00
303711	77.25490196078432	4597	08:56:00
3669	77.25490196078432	4597	09:58:00
458099	77.25490196078432	4598	08:21:00
82555	77.25490196078432	4598	10:13:00
248920	77.25490196078432	4598	10:13:00
43|6
309068	77.25490196078432	4635	00:15:00
328957	77.25490196078432	4635	00:15:00
376863	77.25490196078432	4635	00:15:00
60117	77.25490196078432	4635	00:20:00
409361	77.25490196078432	4635	00:20:00
581975	77.25490196078432	4641	08:55:00
