0|6
550452	78.82352941176471	5229	18:10:00
323933	78.82352941176471	5802	11:05:00
159248	78.82352941176471	5802	11:27:00
554099	78.82352941176471	5815	16:02:00
70896	78.82352941176471	5815	16:26:00
518385	78.82352941176471	5815	16:38:00
1|6
614243	78.82352941176471	5424	15:27:00
616649	78.82352941176471	5424	15:27:00
617646	78.82352941176471	5424	15:27:00
620594	78.82352941176471	5424	15:27:00
622325	78.82352941176471	5424	15:27:00
623778	78.82352941176471	5424	15:27:00
2|6
521716	78.82352941176471	4220	10:26:00
531386	78.82352941176471	4220	10:26:00
534002	78.82352941176471	4220	10:26:00
602548	78.82352941176471	4220	10:26:00
297989	78.82352941176471	5332	13:11:00
532569	78.82352941176471	5332	13:13:00
3|6
266898	78.82352941176471	3811	14:01:00
577089	78.82352941176471	3811	14:07:00
418340	78.82352941176471	3811	14:50:00
489371	78.82352941176471	4387	18:43:00
541471	78.82352941176471	4387	19:16:00
230010	78.82352941176471	4458	14:32:00
4|6
160409	78.82352941176471	4859	11:24:00
309265	78.82352941176471	4866	13:54:00
566574	78.82352941176471	4866	13:54:00
94767	78.82352941176471	4885	13:18:00
617491	78.82352941176471	4893	13:40:00
561044	78.82352941176471	4894	13:41:00
5|6
55372	78.82352941176471	5226	13:41:00
568050	78.82352941176471	5226	13:41:00
614805	78.82352941176471	5226	13:41:00
374622	78.82352941176471	5226	13:42:00
390355	78.82352941176471	5226	13:42:00
600781	78.82352941176471	5226	13:42:00
6|6
34428	78.82352941176471	5092	15:36:00
370386	78.82352941176471	5092	15:36:00
614925	78.82352941176471	5092	15:37:00
248723	78.82352941176471	5092	15:40:00
252962	78.82352941176471	5092	15:40:00
504528	78.82352941176471	5092	15:40:00
7|6
591369	78.82352941176471	6033	19:54:00
28621	78.82352941176471	6033	19:55:00
40189	78.82352941176471	6033	19:55:00
434891	78.82352941176471	6033	19:55:00
80657	78.82352941176471	6033	19:57:00
532790	78.82352941176471	6033	20:00:00
8|6
532569	78.82352941176471	4998	14:28:00
558154	78.82352941176471	4998	14:28:00
569179	78.82352941176471	4998	14:28:00
574204	78.82352941176471	4998	14:28:00
622325	78.82352941176471	4998	14:28:00
213829	78.82352941176471	4998	14:50:00
9|6
531386	78.82352941176471	4607	22:13:00
532569	78.82352941176471	4607	22:13:00
592747	78.82352941176471	4607	22:13:00
602602	78.82352941176471	4607	22:13:00
614925	78.82352941176471	4607	22:13:00
622325	78.82352941176471	4607	22:13:00
10|6
453396	78.82352941176471	3546	10:12:00
587636	78.82352941176471	3546	10:12:00
591461	78.82352941176471	3546	10:12:00
596241	78.82352941176471	3546	10:12:00
612520	78.82352941176471	3546	10:12:00
616649	78.82352941176471	3546	10:12:00
11|6
533053	78.82352941176471	4665	22:26:00
2273	78.82352941176471	4670	19:46:00
117627	78.82352941176471	4670	19:47:00
436796	78.82352941176471	4670	19:48:00
613923	78.82352941176471	4670	19:52:00
359283	78.82352941176471	4670	19:56:00
12|6
275010	78.82352941176471	5070	00:06:00
46030	78.82352941176471	5070	00:17:00
29235	78.82352941176471	5070	00:19:00
498179	78.82352941176471	5070	00:19:00
556541	78.82352941176471	5070	00:19:00
558814	78.82352941176471	5172	14:59:00
13|6
546992	78.82352941176471	4980	00:39:00
567726	78.82352941176471	4980	00:39:00
583090	78.82352941176471	4980	00:39:00
587636	78.82352941176471	4980	00:39:00
616649	78.82352941176471	4980	00:39:00
617646	78.82352941176471	4980	00:39:00
14|6
543905	78.82352941176471	5387	10:21:00
572538	78.82352941176471	5387	10:21:00
28590	78.82352941176471	5391	05:24:00
268594	78.82352941176471	5392	14:37:00
308881	78.82352941176471	5392	14:37:00
334831	78.82352941176471	5392	14:37:00
15|6
281112	78.82352941176471	5712	16:08:00
309256	78.82352941176471	5721	07:15:00
496762	78.82352941176471	5731	09:54:00
614925	78.82352941176471	5735	06:47:00
165824	78.82352941176471	5743	07:40:00
367313	78.82352941176471	5771	08:08:00
16|6
550452	78.82352941176471	5135	20:54:00
56437	78.82352941176471	5137	21:16:00
13379	78.82352941176471	5141	20:35:00
39046	78.82352941176471	5141	20:53:00
405897	78.82352941176471	5156	16:44:00
267723	78.82352941176471	5189	10:04:00
17|6
25205	78.82352941176471	4934	13:12:00
103410	78.82352941176471	4935	22:39:00
624550	78.82352941176471	4935	22:44:00
338242	78.82352941176471	4935	22:48:00
25311	78.82352941176471	4935	22:57:00
47310	78.82352941176471	4935	22:58:00
18|6
359811	78.82352941176471	5886	09:59:00
576535	78.82352941176471	5886	09:59:00
260310	78.82352941176471	5950	23:02:00
49509	78.82352941176471	6161	18:54:00
206975	78.82352941176471	6161	18:54:00
252459	78.82352941176471	6161	19:52:00
19|6
539904	78.82352941176471	4896	12:27:00
548098	78.82352941176471	4896	12:27:00
592747	78.82352941176471	4896	12:27:00
600770	78.82352941176471	4896	12:27:00
608376	78.82352941176471	4896	12:27:00
622325	78.82352941176471	4896	12:27:00
20|6
489371	78.82352941176471	4025	13:01:00
517526	78.82352941176471	4025	13:01:00
538823	78.82352941176471	4025	13:01:00
540934	78.82352941176471	4025	13:01:00
600770	78.82352941176471	4025	13:01:00
607946	78.82352941176471	4025	13:01:00
21|6
116469	78.82352941176471	4477	20:08:00
33730	78.82352941176471	4477	20:11:00
100025	78.82352941176471	4477	20:11:00
95970	78.82352941176471	4477	20:15:00
267723	78.82352941176471	4477	20:15:00
449769	78.82352941176471	4477	20:15:00
22|6
559390	78.82352941176471	4394	19:58:00
152442	78.82352941176471	4394	20:53:00
182003	78.82352941176471	4394	20:53:00
225679	78.82352941176471	4394	20:53:00
41414	78.82352941176471	4394	21:00:00
106447	78.82352941176471	4423	15:53:00
23|6
540166	78.82352941176471	4736	06:24:00
389637	78.82352941176471	4739	03:02:00
44531	78.82352941176471	4797	05:16:00
130559	78.82352941176471	4800	03:17:00
173049	78.82352941176471	4801	01:57:00
48550	78.82352941176471	4892	02:30:00
24|6
459622	78.82352941176471	5029	13:41:00
112126	78.82352941176471	5038	14:19:00
614925	78.82352941176471	5074	10:24:00
489371	78.82352941176471	5092	13:59:00
85222	78.82352941176471	5121	08:19:00
181089	78.82352941176471	5121	09:07:00
25|6
563692	78.82352941176471	3652	23:16:00
582591	78.82352941176471	3652	23:16:00
600770	78.82352941176471	3652	23:16:00
607946	78.82352941176471	3652	23:16:00
274703	78.82352941176471	3652	23:17:00
362307	78.82352941176471	3652	23:19:00
26|6
614243	78.82352941176471	4315	19:25:00
617646	78.82352941176471	4315	19:25:00
622325	78.82352941176471	4315	19:25:00
55629	78.82352941176471	4315	19:32:00
363904	78.82352941176471	4315	19:32:00
373402	78.82352941176471	4315	19:32:00
27|6
169081	78.82352941176471	4637	07:48:00
386683	78.82352941176471	4637	07:48:00
224051	78.82352941176471	4703	06:34:00
436056	78.82352941176471	4800	15:25:00
473055	78.82352941176471	4902	17:21:00
26226	78.82352941176471	4902	17:29:00
28|6
75707	78.82352941176471	6028	02:29:00
397543	78.82352941176471	6028	02:29:00
298685	78.82352941176471	6028	02:32:00
75410	78.82352941176471	6028	02:34:00
567631	78.82352941176471	6028	02:34:00
578903	78.82352941176471	6028	02:39:00
29|6
184754	78.82352941176471	5518	03:54:00
556366	78.82352941176471	5518	03:54:00
238646	78.82352941176471	5518	03:56:00
7876	78.82352941176471	5518	03:57:00
302000	78.82352941176471	5518	03:57:00
569396	78.82352941176471	5619	19:41:00
30|6
267846	78.82352941176471	3630	21:31:00
467178	78.82352941176471	3630	21:31:00
444949	78.82352941176471	4709	13:03:00
489457	78.82352941176471	4709	13:14:00
529957	78.82352941176471	4709	13:16:00
552786	78.82352941176471	4709	13:24:00
31|6
123929	78.82352941176471	5344	20:38:00
98718	78.82352941176471	5352	09:05:00
195434	78.82352941176471	5353	23:27:00
588686	78.82352941176471	5353	23:35:00
604347	78.82352941176471	5370	16:36:00
17497	78.82352941176471	5414	18:31:00
32|6
358441	78.82352941176471	4308	18:24:00
440694	78.82352941176471	4308	18:24:00
577474	78.82352941176471	4308	18:24:00
266281	78.82352941176471	4308	18:25:00
371598	78.82352941176471	4308	18:25:00
564115	78.82352941176471	4308	18:25:00
33|6
75943	78.82352941176471	4063	08:45:00
355155	78.82352941176471	4063	08:53:00
564115	78.82352941176471	4063	08:54:00
364683	78.82352941176471	4063	09:01:00
437608	78.82352941176471	4063	09:01:00
603145	78.82352941176471	4063	09:01:00
34|6
1188	78.82352941176471	4384	15:40:00
4132	78.82352941176471	4384	15:40:00
30125	78.82352941176471	4384	15:40:00
36422	78.82352941176471	4384	15:40:00
421158	78.82352941176471	4384	15:40:00
482854	78.82352941176471	4384	15:40:00
35|6
529098	78.82352941176471	5494	14:35:00
559371	78.82352941176471	5494	15:48:00
237542	78.82352941176471	5494	15:50:00
549463	78.82352941176471	5494	15:50:00
381626	78.82352941176471	5494	16:17:00
407756	78.82352941176471	5494	16:17:00
36|6
571905	78.82352941176471	4001	20:14:00
198370	78.82352941176471	4002	16:25:00
347177	78.82352941176471	4002	16:37:00
27598	78.82352941176471	4002	16:55:00
551806	78.82352941176471	4002	16:56:00
193586	78.82352941176471	4002	17:29:00
37|6
169627	78.82352941176471	5122	13:00:00
130254	78.82352941176471	5122	13:04:00
141393	78.82352941176471	5122	13:04:00
469645	78.82352941176471	5122	14:08:00
84209	78.82352941176471	5122	15:39:00
280641	78.82352941176471	5122	15:46:00
38|6
504528	78.82352941176471	5397	07:55:00
517718	78.82352941176471	5397	07:55:00
532569	78.82352941176471	5397	07:55:00
614243	78.82352941176471	5397	07:55:00
614925	78.82352941176471	5397	07:55:00
622325	78.82352941176471	5397	07:55:00
39|6
614925	78.82352941176471	4316	22:00:00
34525	78.82352941176471	4316	22:31:00
540166	78.82352941176471	4316	22:31:00
327744	78.82352941176471	4316	22:34:00
9986	78.82352941176471	4316	22:38:00
536930	78.82352941176471	4316	22:38:00
40|6
328269	78.82352941176471	4596	07:29:00
195544	78.82352941176471	4596	07:32:00
186013	78.82352941176471	4596	07:35:00
213529	78.82352941176471	4596	07:35:00
257054	78.82352941176471	4596	07:35:00
509660	78.82352941176471	4596	07:40:00
41|6
498148	78.82352941176471	3878	14:36:00
113311	78.82352941176471	3883	01:17:00
571579	78.82352941176471	3972	15:05:00
199025	78.82352941176471	4303	21:08:00
375693	78.82352941176471	4303	21:08:00
591163	78.82352941176471	4303	21:08:00
42|6
134908	78.82352941176471	4596	13:45:00
303711	78.82352941176471	4597	08:56:00
3669	78.82352941176471	4597	09:58:00
458099	78.82352941176471	4598	08:21:00
82555	78.82352941176471	4598	10:13:00
248920	78.82352941176471	4598	10:13:00
43|6
309068	78.82352941176471	4635	00:15:00
328957	78.82352941176471	4635	00:15:00
376863	78.82352941176471	4635	00:15:00
60117	78.82352941176471	4635	00:20:00
409361	78.82352941176471	4635	00:20:00
581975	78.82352941176471	4641	08:55:00
