0|6
550452	79.6078431372549	5229	18:10:00
323933	79.6078431372549	5802	11:05:00
159248	79.6078431372549	5802	11:27:00
554099	79.6078431372549	5815	16:02:00
70896	79.6078431372549	5815	16:26:00
518385	79.6078431372549	5815	16:38:00
1|6
614243	79.6078431372549	5424	15:27:00
616649	79.6078431372549	5424	15:27:00
617646	79.6078431372549	5424	15:27:00
620594	79.6078431372549	5424	15:27:00
622325	79.6078431372549	5424	15:27:00
623778	79.6078431372549	5424	15:27:00
2|6
521716	79.6078431372549	4220	10:26:00
531386	79.6078431372549	4220	10:26:00
534002	79.6078431372549	4220	10:26:00
602548	79.6078431372549	4220	10:26:00
297989	79.6078431372549	5332	13:11:00
532569	79.6078431372549	5332	13:13:00
3|6
266898	79.6078431372549	3811	14:01:00
577089	79.6078431372549	3811	14:07:00
418340	79.6078431372549	3811	14:50:00
489371	79.6078431372549	4387	18:43:00
541471	79.6078431372549	4387	19:16:00
230010	79.6078431372549	4458	14:32:00
4|6
160409	79.6078431372549	4859	11:24:00
309265	79.6078431372549	4866	13:54:00
566574	79.6078431372549	4866	13:54:00
94767	79.6078431372549	4885	13:18:00
617491	79.6078431372549	4893	13:40:00
561044	79.6078431372549	4894	13:41:00
5|6
55372	79.6078431372549	5226	13:41:00
568050	79.6078431372549	5226	13:41:00
614805	79.6078431372549	5226	13:41:00
374622	79.6078431372549	5226	13:42:00
390355	79.6078431372549	5226	13:42:00
600781	79.6078431372549	5226	13:42:00
6|6
34428	79.6078431372549	5092	15:36:00
370386	79.6078431372549	5092	15:36:00
614925	79.6078431372549	5092	15:37:00
248723	79.6078431372549	5092	15:40:00
252962	79.6078431372549	5092	15:40:00
504528	79.6078431372549	5092	15:40:00
7|6
591369	79.6078431372549	6033	19:54:00
28621	79.6078431372549	6033	19:55:00
40189	79.6078431372549	6033	19:55:00
434891	79.6078431372549	6033	19:55:00
80657	79.6078431372549	6033	19:57:00
532790	79.6078431372549	6033	20:00:00
8|6
532569	79.6078431372549	4998	14:28:00
558154	79.6078431372549	4998	14:28:00
569179	79.6078431372549	4998	14:28:00
574204	79.6078431372549	4998	14:28:00
622325	79.6078431372549	4998	14:28:00
213829	79.6078431372549	4998	14:50:00
9|6
531386	79.6078431372549	4607	22:13:00
532569	79.6078431372549	4607	22:13:00
592747	79.6078431372549	4607	22:13:00
602602	79.6078431372549	4607	22:13:00
614925	79.6078431372549	4607	22:13:00
622325	79.6078431372549	4607	22:13:00
10|6
453396	79.6078431372549	3546	10:12:00
587636	79.6078431372549	3546	10:12:00
591461	79.6078431372549	3546	10:12:00
596241	79.6078431372549	3546	10:12:00
612520	79.6078431372549	3546	10:12:00
616649	79.6078431372549	3546	10:12:00
11|6
533053	79.6078431372549	4665	22:26:00
2273	79.6078431372549	4670	19:46:00
117627	79.6078431372549	4670	19:47:00
436796	79.6078431372549	4670	19:48:00
613923	79.6078431372549	4670	19:52:00
359283	79.6078431372549	4670	19:56:00
12|6
275010	79.6078431372549	5070	00:06:00
46030	79.6078431372549	5070	00:17:00
29235	79.6078431372549	5070	00:19:00
498179	79.6078431372549	5070	00:19:00
556541	79.6078431372549	5070	00:19:00
558814	79.6078431372549	5172	14:59:00
13|6
546992	79.6078431372549	4980	00:39:00
567726	79.6078431372549	4980	00:39:00
583090	79.6078431372549	4980	00:39:00
587636	79.6078431372549	4980	00:39:00
616649	79.6078431372549	4980	00:39:00
617646	79.6078431372549	4980	00:39:00
14|6
543905	79.6078431372549	5387	10:21:00
572538	79.6078431372549	5387	10:21:00
28590	79.6078431372549	5391	05:24:00
268594	79.6078431372549	5392	14:37:00
308881	79.6078431372549	5392	14:37:00
334831	79.6078431372549	5392	14:37:00
15|6
281112	79.6078431372549	5712	16:08:00
309256	79.6078431372549	5721	07:15:00
496762	79.6078431372549	5731	09:54:00
614925	79.6078431372549	5735	06:47:00
165824	79.6078431372549	5743	07:40:00
367313	79.6078431372549	5771	08:08:00
16|6
550452	79.6078431372549	5135	20:54:00
56437	79.6078431372549	5137	21:16:00
13379	79.6078431372549	5141	20:35:00
39046	79.6078431372549	5141	20:53:00
405897	79.6078431372549	5156	16:44:00
267723	79.6078431372549	5189	10:04:00
17|6
25205	79.6078431372549	4934	13:12:00
103410	79.6078431372549	4935	22:39:00
624550	79.6078431372549	4935	22:44:00
338242	79.6078431372549	4935	22:48:00
25311	79.6078431372549	4935	22:57:00
47310	79.6078431372549	4935	22:58:00
18|6
359811	79.6078431372549	5886	09:59:00
576535	79.6078431372549	5886	09:59:00
260310	79.6078431372549	5950	23:02:00
49509	79.6078431372549	6161	18:54:00
206975	79.6078431372549	6161	18:54:00
252459	79.6078431372549	6161	19:52:00
19|6
539904	79.6078431372549	4896	12:27:00
548098	79.6078431372549	4896	12:27:00
592747	79.6078431372549	4896	12:27:00
600770	79.6078431372549	4896	12:27:00
608376	79.6078431372549	4896	12:27:00
622325	79.6078431372549	4896	12:27:00
20|6
489371	79.6078431372549	4025	13:01:00
517526	79.6078431372549	4025	13:01:00
538823	79.6078431372549	4025	13:01:00
540934	79.6078431372549	4025	13:01:00
600770	79.6078431372549	4025	13:01:00
607946	79.6078431372549	4025	13:01:00
21|6
116469	79.6078431372549	4477	20:08:00
33730	79.6078431372549	4477	20:11:00
100025	79.6078431372549	4477	20:11:00
95970	79.6078431372549	4477	20:15:00
267723	79.6078431372549	4477	20:15:00
449769	79.6078431372549	4477	20:15:00
22|6
559390	79.6078431372549	4394	19:58:00
152442	79.6078431372549	4394	20:53:00
182003	79.6078431372549	4394	20:53:00
225679	79.6078431372549	4394	20:53:00
41414	79.6078431372549	4394	21:00:00
106447	79.6078431372549	4423	15:53:00
23|6
540166	79.6078431372549	4736	06:24:00
389637	79.6078431372549	4739	03:02:00
44531	79.6078431372549	4797	05:16:00
130559	79.6078431372549	4800	03:17:00
173049	79.6078431372549	4801	01:57:00
48550	79.6078431372549	4892	02:30:00
24|6
459622	79.6078431372549	5029	13:41:00
112126	79.6078431372549	5038	14:19:00
614925	79.6078431372549	5074	10:24:00
489371	79.6078431372549	5092	13:59:00
85222	79.6078431372549	5121	08:19:00
181089	79.6078431372549	5121	09:07:00
25|6
563692	79.6078431372549	3652	23:16:00
582591	79.6078431372549	3652	23:16:00
600770	79.6078431372549	3652	23:16:00
607946	79.6078431372549	3652	23:16:00
274703	79.6078431372549	3652	23:17:00
362307	79.6078431372549	3652	23:19:00
26|6
614243	79.6078431372549	4315	19:25:00
617646	79.6078431372549	4315	19:25:00
622325	79.6078431372549	4315	19:25:00
55629	79.6078431372549	4315	19:32:00
363904	79.6078431372549	4315	19:32:00
373402	79.6078431372549	4315	19:32:00
27|6
169081	79.6078431372549	4637	07:48:00
386683	79.6078431372549	4637	07:48:00
224051	79.6078431372549	4703	06:34:00
436056	79.6078431372549	4800	15:25:00
473055	79.6078431372549	4902	17:21:00
26226	79.6078431372549	4902	17:29:00
28|6
75707	79.6078431372549	6028	02:29:00
397543	79.6078431372549	6028	02:29:00
298685	79.6078431372549	6028	02:32:00
75410	79.6078431372549	6028	02:34:00
567631	79.6078431372549	6028	02:34:00
578903	79.6078431372549	6028	02:39:00
29|6
184754	79.6078431372549	5518	03:54:00
556366	79.6078431372549	5518	03:54:00
238646	79.6078431372549	5518	03:56:00
7876	79.6078431372549	5518	03:57:00
302000	79.6078431372549	5518	03:57:00
569396	79.6078431372549	5619	19:41:00
30|6
267846	79.6078431372549	3630	21:31:00
467178	79.6078431372549	3630	21:31:00
444949	79.6078431372549	4709	13:03:00
489457	79.6078431372549	4709	13:14:00
529957	79.6078431372549	4709	13:16:00
552786	79.6078431372549	4709	13:24:00
31|6
123929	79.6078431372549	5344	20:38:00
98718	79.6078431372549	5352	09:05:00
195434	79.6078431372549	5353	23:27:00
588686	79.6078431372549	5353	23:35:00
604347	79.6078431372549	5370	16:36:00
17497	79.6078431372549	5414	18:31:00
32|6
358441	79.6078431372549	4308	18:24:00
440694	79.6078431372549	4308	18:24:00
577474	79.6078431372549	4308	18:24:00
266281	79.6078431372549	4308	18:25:00
371598	79.6078431372549	4308	18:25:00
564115	79.6078431372549	4308	18:25:00
33|6
75943	79.6078431372549	4063	08:45:00
355155	79.6078431372549	4063	08:53:00
564115	79.6078431372549	4063	08:54:00
364683	79.6078431372549	4063	09:01:00
437608	79.6078431372549	4063	09:01:00
603145	79.6078431372549	4063	09:01:00
34|6
1188	79.6078431372549	4384	15:40:00
4132	79.6078431372549	4384	15:40:00
30125	79.6078431372549	4384	15:40:00
36422	79.6078431372549	4384	15:40:00
421158	79.6078431372549	4384	15:40:00
482854	79.6078431372549	4384	15:40:00
35|6
529098	79.6078431372549	5494	14:35:00
559371	79.6078431372549	5494	15:48:00
237542	79.6078431372549	5494	15:50:00
549463	79.6078431372549	5494	15:50:00
381626	79.6078431372549	5494	16:17:00
407756	79.6078431372549	5494	16:17:00
36|6
571905	79.6078431372549	4001	20:14:00
198370	79.6078431372549	4002	16:25:00
347177	79.6078431372549	4002	16:37:00
27598	79.6078431372549	4002	16:55:00
551806	79.6078431372549	4002	16:56:00
193586	79.6078431372549	4002	17:29:00
37|6
169627	79.6078431372549	5122	13:00:00
130254	79.6078431372549	5122	13:04:00
141393	79.6078431372549	5122	13:04:00
469645	79.6078431372549	5122	14:08:00
84209	79.6078431372549	5122	15:39:00
280641	79.6078431372549	5122	15:46:00
38|6
504528	79.6078431372549	5397	07:55:00
517718	79.6078431372549	5397	07:55:00
532569	79.6078431372549	5397	07:55:00
614243	79.6078431372549	5397	07:55:00
614925	79.6078431372549	5397	07:55:00
622325	79.6078431372549	5397	07:55:00
39|6
614925	79.6078431372549	4316	22:00:00
34525	79.6078431372549	4316	22:31:00
540166	79.6078431372549	4316	22:31:00
327744	79.6078431372549	4316	22:34:00
9986	79.6078431372549	4316	22:38:00
536930	79.6078431372549	4316	22:38:00
40|6
328269	79.6078431372549	4596	07:29:00
195544	79.6078431372549	4596	07:32:00
186013	79.6078431372549	4596	07:35:00
213529	79.6078431372549	4596	07:35:00
257054	79.6078431372549	4596	07:35:00
509660	79.6078431372549	4596	07:40:00
41|6
498148	79.6078431372549	3878	14:36:00
113311	79.6078431372549	3883	01:17:00
571579	79.6078431372549	3972	15:05:00
199025	79.6078431372549	4303	21:08:00
375693	79.6078431372549	4303	21:08:00
591163	79.6078431372549	4303	21:08:00
42|6
134908	79.6078431372549	4596	13:45:00
303711	79.6078431372549	4597	08:56:00
3669	79.6078431372549	4597	09:58:00
458099	79.6078431372549	4598	08:21:00
82555	79.6078431372549	4598	10:13:00
248920	79.6078431372549	4598	10:13:00
43|6
309068	79.6078431372549	4635	00:15:00
328957	79.6078431372549	4635	00:15:00
376863	79.6078431372549	4635	00:15:00
60117	79.6078431372549	4635	00:20:00
409361	79.6078431372549	4635	00:20:00
581975	79.6078431372549	4641	08:55:00
