0|6
550452	8.235294117647058	5229	18:10:00
323933	8.235294117647058	5802	11:05:00
159248	8.235294117647058	5802	11:27:00
554099	8.235294117647058	5815	16:02:00
70896	8.235294117647058	5815	16:26:00
518385	8.235294117647058	5815	16:38:00
1|6
614243	8.235294117647058	5424	15:27:00
616649	8.235294117647058	5424	15:27:00
617646	8.235294117647058	5424	15:27:00
620594	8.235294117647058	5424	15:27:00
622325	8.235294117647058	5424	15:27:00
623778	8.235294117647058	5424	15:27:00
2|6
521716	8.235294117647058	4220	10:26:00
531386	8.235294117647058	4220	10:26:00
534002	8.235294117647058	4220	10:26:00
602548	8.235294117647058	4220	10:26:00
297989	8.235294117647058	5332	13:11:00
532569	8.235294117647058	5332	13:13:00
3|6
266898	8.235294117647058	3811	14:01:00
577089	8.235294117647058	3811	14:07:00
418340	8.235294117647058	3811	14:50:00
489371	8.235294117647058	4387	18:43:00
541471	8.235294117647058	4387	19:16:00
230010	8.235294117647058	4458	14:32:00
4|6
160409	8.235294117647058	4859	11:24:00
309265	8.235294117647058	4866	13:54:00
566574	8.235294117647058	4866	13:54:00
94767	8.235294117647058	4885	13:18:00
617491	8.235294117647058	4893	13:40:00
561044	8.235294117647058	4894	13:41:00
5|6
55372	8.235294117647058	5226	13:41:00
568050	8.235294117647058	5226	13:41:00
614805	8.235294117647058	5226	13:41:00
374622	8.235294117647058	5226	13:42:00
390355	8.235294117647058	5226	13:42:00
600781	8.235294117647058	5226	13:42:00
6|6
34428	8.235294117647058	5092	15:36:00
370386	8.235294117647058	5092	15:36:00
614925	8.235294117647058	5092	15:37:00
248723	8.235294117647058	5092	15:40:00
252962	8.235294117647058	5092	15:40:00
504528	8.235294117647058	5092	15:40:00
7|6
591369	8.235294117647058	6033	19:54:00
28621	8.235294117647058	6033	19:55:00
40189	8.235294117647058	6033	19:55:00
434891	8.235294117647058	6033	19:55:00
80657	8.235294117647058	6033	19:57:00
532790	8.235294117647058	6033	20:00:00
8|6
532569	8.235294117647058	4998	14:28:00
558154	8.235294117647058	4998	14:28:00
569179	8.235294117647058	4998	14:28:00
574204	8.235294117647058	4998	14:28:00
622325	8.235294117647058	4998	14:28:00
213829	8.235294117647058	4998	14:50:00
9|6
531386	8.235294117647058	4607	22:13:00
532569	8.235294117647058	4607	22:13:00
592747	8.235294117647058	4607	22:13:00
602602	8.235294117647058	4607	22:13:00
614925	8.235294117647058	4607	22:13:00
622325	8.235294117647058	4607	22:13:00
10|6
453396	8.235294117647058	3546	10:12:00
587636	8.235294117647058	3546	10:12:00
591461	8.235294117647058	3546	10:12:00
596241	8.235294117647058	3546	10:12:00
612520	8.235294117647058	3546	10:12:00
616649	8.235294117647058	3546	10:12:00
11|6
533053	8.235294117647058	4665	22:26:00
2273	8.235294117647058	4670	19:46:00
117627	8.235294117647058	4670	19:47:00
436796	8.235294117647058	4670	19:48:00
613923	8.235294117647058	4670	19:52:00
359283	8.235294117647058	4670	19:56:00
12|6
275010	8.235294117647058	5070	00:06:00
46030	8.235294117647058	5070	00:17:00
29235	8.235294117647058	5070	00:19:00
498179	8.235294117647058	5070	00:19:00
556541	8.235294117647058	5070	00:19:00
558814	8.235294117647058	5172	14:59:00
13|6
546992	8.235294117647058	4980	00:39:00
567726	8.235294117647058	4980	00:39:00
583090	8.235294117647058	4980	00:39:00
587636	8.235294117647058	4980	00:39:00
616649	8.235294117647058	4980	00:39:00
617646	8.235294117647058	4980	00:39:00
14|6
543905	8.235294117647058	5387	10:21:00
572538	8.235294117647058	5387	10:21:00
28590	8.235294117647058	5391	05:24:00
268594	8.235294117647058	5392	14:37:00
308881	8.235294117647058	5392	14:37:00
334831	8.235294117647058	5392	14:37:00
15|6
281112	8.235294117647058	5712	16:08:00
309256	8.235294117647058	5721	07:15:00
496762	8.235294117647058	5731	09:54:00
614925	8.235294117647058	5735	06:47:00
165824	8.235294117647058	5743	07:40:00
367313	8.235294117647058	5771	08:08:00
16|6
550452	8.235294117647058	5135	20:54:00
56437	8.235294117647058	5137	21:16:00
13379	8.235294117647058	5141	20:35:00
39046	8.235294117647058	5141	20:53:00
405897	8.235294117647058	5156	16:44:00
267723	8.235294117647058	5189	10:04:00
17|6
25205	8.235294117647058	4934	13:12:00
103410	8.235294117647058	4935	22:39:00
624550	8.235294117647058	4935	22:44:00
338242	8.235294117647058	4935	22:48:00
25311	8.235294117647058	4935	22:57:00
47310	8.235294117647058	4935	22:58:00
18|6
359811	8.235294117647058	5886	09:59:00
576535	8.235294117647058	5886	09:59:00
260310	8.235294117647058	5950	23:02:00
49509	8.235294117647058	6161	18:54:00
206975	8.235294117647058	6161	18:54:00
252459	8.235294117647058	6161	19:52:00
19|6
539904	8.235294117647058	4896	12:27:00
548098	8.235294117647058	4896	12:27:00
592747	8.235294117647058	4896	12:27:00
600770	8.235294117647058	4896	12:27:00
608376	8.235294117647058	4896	12:27:00
622325	8.235294117647058	4896	12:27:00
20|6
489371	8.235294117647058	4025	13:01:00
517526	8.235294117647058	4025	13:01:00
538823	8.235294117647058	4025	13:01:00
540934	8.235294117647058	4025	13:01:00
600770	8.235294117647058	4025	13:01:00
607946	8.235294117647058	4025	13:01:00
21|6
116469	8.235294117647058	4477	20:08:00
33730	8.235294117647058	4477	20:11:00
100025	8.235294117647058	4477	20:11:00
95970	8.235294117647058	4477	20:15:00
267723	8.235294117647058	4477	20:15:00
449769	8.235294117647058	4477	20:15:00
22|6
559390	8.235294117647058	4394	19:58:00
152442	8.235294117647058	4394	20:53:00
182003	8.235294117647058	4394	20:53:00
225679	8.235294117647058	4394	20:53:00
41414	8.235294117647058	4394	21:00:00
106447	8.235294117647058	4423	15:53:00
23|6
540166	8.235294117647058	4736	06:24:00
389637	8.235294117647058	4739	03:02:00
44531	8.235294117647058	4797	05:16:00
130559	8.235294117647058	4800	03:17:00
173049	8.235294117647058	4801	01:57:00
48550	8.235294117647058	4892	02:30:00
24|6
459622	8.235294117647058	5029	13:41:00
112126	8.235294117647058	5038	14:19:00
614925	8.235294117647058	5074	10:24:00
489371	8.235294117647058	5092	13:59:00
85222	8.235294117647058	5121	08:19:00
181089	8.235294117647058	5121	09:07:00
25|6
563692	8.235294117647058	3652	23:16:00
582591	8.235294117647058	3652	23:16:00
600770	8.235294117647058	3652	23:16:00
607946	8.235294117647058	3652	23:16:00
274703	8.235294117647058	3652	23:17:00
362307	8.235294117647058	3652	23:19:00
26|6
614243	8.235294117647058	4315	19:25:00
617646	8.235294117647058	4315	19:25:00
622325	8.235294117647058	4315	19:25:00
55629	8.235294117647058	4315	19:32:00
363904	8.235294117647058	4315	19:32:00
373402	8.235294117647058	4315	19:32:00
27|6
169081	8.235294117647058	4637	07:48:00
386683	8.235294117647058	4637	07:48:00
224051	8.235294117647058	4703	06:34:00
436056	8.235294117647058	4800	15:25:00
473055	8.235294117647058	4902	17:21:00
26226	8.235294117647058	4902	17:29:00
28|6
75707	8.235294117647058	6028	02:29:00
397543	8.235294117647058	6028	02:29:00
298685	8.235294117647058	6028	02:32:00
75410	8.235294117647058	6028	02:34:00
567631	8.235294117647058	6028	02:34:00
578903	8.235294117647058	6028	02:39:00
29|6
184754	8.235294117647058	5518	03:54:00
556366	8.235294117647058	5518	03:54:00
238646	8.235294117647058	5518	03:56:00
7876	8.235294117647058	5518	03:57:00
302000	8.235294117647058	5518	03:57:00
569396	8.235294117647058	5619	19:41:00
30|6
267846	8.235294117647058	3630	21:31:00
467178	8.235294117647058	3630	21:31:00
444949	8.235294117647058	4709	13:03:00
489457	8.235294117647058	4709	13:14:00
529957	8.235294117647058	4709	13:16:00
552786	8.235294117647058	4709	13:24:00
31|6
123929	8.235294117647058	5344	20:38:00
98718	8.235294117647058	5352	09:05:00
195434	8.235294117647058	5353	23:27:00
588686	8.235294117647058	5353	23:35:00
604347	8.235294117647058	5370	16:36:00
17497	8.235294117647058	5414	18:31:00
32|6
358441	8.235294117647058	4308	18:24:00
440694	8.235294117647058	4308	18:24:00
577474	8.235294117647058	4308	18:24:00
266281	8.235294117647058	4308	18:25:00
371598	8.235294117647058	4308	18:25:00
564115	8.235294117647058	4308	18:25:00
33|6
75943	8.235294117647058	4063	08:45:00
355155	8.235294117647058	4063	08:53:00
564115	8.235294117647058	4063	08:54:00
364683	8.235294117647058	4063	09:01:00
437608	8.235294117647058	4063	09:01:00
603145	8.235294117647058	4063	09:01:00
34|6
1188	8.235294117647058	4384	15:40:00
4132	8.235294117647058	4384	15:40:00
30125	8.235294117647058	4384	15:40:00
36422	8.235294117647058	4384	15:40:00
421158	8.235294117647058	4384	15:40:00
482854	8.235294117647058	4384	15:40:00
35|6
529098	8.235294117647058	5494	14:35:00
559371	8.235294117647058	5494	15:48:00
237542	8.235294117647058	5494	15:50:00
549463	8.235294117647058	5494	15:50:00
381626	8.235294117647058	5494	16:17:00
407756	8.235294117647058	5494	16:17:00
36|6
571905	8.235294117647058	4001	20:14:00
198370	8.235294117647058	4002	16:25:00
347177	8.235294117647058	4002	16:37:00
27598	8.235294117647058	4002	16:55:00
551806	8.235294117647058	4002	16:56:00
193586	8.235294117647058	4002	17:29:00
37|6
169627	8.235294117647058	5122	13:00:00
130254	8.235294117647058	5122	13:04:00
141393	8.235294117647058	5122	13:04:00
469645	8.235294117647058	5122	14:08:00
84209	8.235294117647058	5122	15:39:00
280641	8.235294117647058	5122	15:46:00
38|6
504528	8.235294117647058	5397	07:55:00
517718	8.235294117647058	5397	07:55:00
532569	8.235294117647058	5397	07:55:00
614243	8.235294117647058	5397	07:55:00
614925	8.235294117647058	5397	07:55:00
622325	8.235294117647058	5397	07:55:00
39|6
614925	8.235294117647058	4316	22:00:00
34525	8.235294117647058	4316	22:31:00
540166	8.235294117647058	4316	22:31:00
327744	8.235294117647058	4316	22:34:00
9986	8.235294117647058	4316	22:38:00
536930	8.235294117647058	4316	22:38:00
40|6
328269	8.235294117647058	4596	07:29:00
195544	8.235294117647058	4596	07:32:00
186013	8.235294117647058	4596	07:35:00
213529	8.235294117647058	4596	07:35:00
257054	8.235294117647058	4596	07:35:00
509660	8.235294117647058	4596	07:40:00
41|6
498148	8.235294117647058	3878	14:36:00
113311	8.235294117647058	3883	01:17:00
571579	8.235294117647058	3972	15:05:00
199025	8.235294117647058	4303	21:08:00
375693	8.235294117647058	4303	21:08:00
591163	8.235294117647058	4303	21:08:00
42|6
134908	8.235294117647058	4596	13:45:00
303711	8.235294117647058	4597	08:56:00
3669	8.235294117647058	4597	09:58:00
458099	8.235294117647058	4598	08:21:00
82555	8.235294117647058	4598	10:13:00
248920	8.235294117647058	4598	10:13:00
43|6
309068	8.235294117647058	4635	00:15:00
328957	8.235294117647058	4635	00:15:00
376863	8.235294117647058	4635	00:15:00
60117	8.235294117647058	4635	00:20:00
409361	8.235294117647058	4635	00:20:00
581975	8.235294117647058	4641	08:55:00
