0|6
550452	83.52941176470588	5229	18:10:00
323933	83.52941176470588	5802	11:05:00
159248	83.52941176470588	5802	11:27:00
554099	83.52941176470588	5815	16:02:00
70896	83.52941176470588	5815	16:26:00
518385	83.52941176470588	5815	16:38:00
1|6
614243	83.52941176470588	5424	15:27:00
616649	83.52941176470588	5424	15:27:00
617646	83.52941176470588	5424	15:27:00
620594	83.52941176470588	5424	15:27:00
622325	83.52941176470588	5424	15:27:00
623778	83.52941176470588	5424	15:27:00
2|6
521716	83.52941176470588	4220	10:26:00
531386	83.52941176470588	4220	10:26:00
534002	83.52941176470588	4220	10:26:00
602548	83.52941176470588	4220	10:26:00
297989	83.52941176470588	5332	13:11:00
532569	83.52941176470588	5332	13:13:00
3|6
266898	83.52941176470588	3811	14:01:00
577089	83.52941176470588	3811	14:07:00
418340	83.52941176470588	3811	14:50:00
489371	83.52941176470588	4387	18:43:00
541471	83.52941176470588	4387	19:16:00
230010	83.52941176470588	4458	14:32:00
4|6
160409	83.52941176470588	4859	11:24:00
309265	83.52941176470588	4866	13:54:00
566574	83.52941176470588	4866	13:54:00
94767	83.52941176470588	4885	13:18:00
617491	83.52941176470588	4893	13:40:00
561044	83.52941176470588	4894	13:41:00
5|6
55372	83.52941176470588	5226	13:41:00
568050	83.52941176470588	5226	13:41:00
614805	83.52941176470588	5226	13:41:00
374622	83.52941176470588	5226	13:42:00
390355	83.52941176470588	5226	13:42:00
600781	83.52941176470588	5226	13:42:00
6|6
34428	83.52941176470588	5092	15:36:00
370386	83.52941176470588	5092	15:36:00
614925	83.52941176470588	5092	15:37:00
248723	83.52941176470588	5092	15:40:00
252962	83.52941176470588	5092	15:40:00
504528	83.52941176470588	5092	15:40:00
7|6
591369	83.52941176470588	6033	19:54:00
28621	83.52941176470588	6033	19:55:00
40189	83.52941176470588	6033	19:55:00
434891	83.52941176470588	6033	19:55:00
80657	83.52941176470588	6033	19:57:00
532790	83.52941176470588	6033	20:00:00
8|6
532569	83.52941176470588	4998	14:28:00
558154	83.52941176470588	4998	14:28:00
569179	83.52941176470588	4998	14:28:00
574204	83.52941176470588	4998	14:28:00
622325	83.52941176470588	4998	14:28:00
213829	83.52941176470588	4998	14:50:00
9|6
531386	83.52941176470588	4607	22:13:00
532569	83.52941176470588	4607	22:13:00
592747	83.52941176470588	4607	22:13:00
602602	83.52941176470588	4607	22:13:00
614925	83.52941176470588	4607	22:13:00
622325	83.52941176470588	4607	22:13:00
10|6
453396	83.52941176470588	3546	10:12:00
587636	83.52941176470588	3546	10:12:00
591461	83.52941176470588	3546	10:12:00
596241	83.52941176470588	3546	10:12:00
612520	83.52941176470588	3546	10:12:00
616649	83.52941176470588	3546	10:12:00
11|6
533053	83.52941176470588	4665	22:26:00
2273	83.52941176470588	4670	19:46:00
117627	83.52941176470588	4670	19:47:00
436796	83.52941176470588	4670	19:48:00
613923	83.52941176470588	4670	19:52:00
359283	83.52941176470588	4670	19:56:00
12|6
275010	83.52941176470588	5070	00:06:00
46030	83.52941176470588	5070	00:17:00
29235	83.52941176470588	5070	00:19:00
498179	83.52941176470588	5070	00:19:00
556541	83.52941176470588	5070	00:19:00
558814	83.52941176470588	5172	14:59:00
13|6
546992	83.52941176470588	4980	00:39:00
567726	83.52941176470588	4980	00:39:00
583090	83.52941176470588	4980	00:39:00
587636	83.52941176470588	4980	00:39:00
616649	83.52941176470588	4980	00:39:00
617646	83.52941176470588	4980	00:39:00
14|6
543905	83.52941176470588	5387	10:21:00
572538	83.52941176470588	5387	10:21:00
28590	83.52941176470588	5391	05:24:00
268594	83.52941176470588	5392	14:37:00
308881	83.52941176470588	5392	14:37:00
334831	83.52941176470588	5392	14:37:00
15|6
281112	83.52941176470588	5712	16:08:00
309256	83.52941176470588	5721	07:15:00
496762	83.52941176470588	5731	09:54:00
614925	83.52941176470588	5735	06:47:00
165824	83.52941176470588	5743	07:40:00
367313	83.52941176470588	5771	08:08:00
16|6
550452	83.52941176470588	5135	20:54:00
56437	83.52941176470588	5137	21:16:00
13379	83.52941176470588	5141	20:35:00
39046	83.52941176470588	5141	20:53:00
405897	83.52941176470588	5156	16:44:00
267723	83.52941176470588	5189	10:04:00
17|6
25205	83.52941176470588	4934	13:12:00
103410	83.52941176470588	4935	22:39:00
624550	83.52941176470588	4935	22:44:00
338242	83.52941176470588	4935	22:48:00
25311	83.52941176470588	4935	22:57:00
47310	83.52941176470588	4935	22:58:00
18|6
359811	83.52941176470588	5886	09:59:00
576535	83.52941176470588	5886	09:59:00
260310	83.52941176470588	5950	23:02:00
49509	83.52941176470588	6161	18:54:00
206975	83.52941176470588	6161	18:54:00
252459	83.52941176470588	6161	19:52:00
19|6
539904	83.52941176470588	4896	12:27:00
548098	83.52941176470588	4896	12:27:00
592747	83.52941176470588	4896	12:27:00
600770	83.52941176470588	4896	12:27:00
608376	83.52941176470588	4896	12:27:00
622325	83.52941176470588	4896	12:27:00
20|6
489371	83.52941176470588	4025	13:01:00
517526	83.52941176470588	4025	13:01:00
538823	83.52941176470588	4025	13:01:00
540934	83.52941176470588	4025	13:01:00
600770	83.52941176470588	4025	13:01:00
607946	83.52941176470588	4025	13:01:00
21|6
116469	83.52941176470588	4477	20:08:00
33730	83.52941176470588	4477	20:11:00
100025	83.52941176470588	4477	20:11:00
95970	83.52941176470588	4477	20:15:00
267723	83.52941176470588	4477	20:15:00
449769	83.52941176470588	4477	20:15:00
22|6
559390	83.52941176470588	4394	19:58:00
152442	83.52941176470588	4394	20:53:00
182003	83.52941176470588	4394	20:53:00
225679	83.52941176470588	4394	20:53:00
41414	83.52941176470588	4394	21:00:00
106447	83.52941176470588	4423	15:53:00
23|6
540166	83.52941176470588	4736	06:24:00
389637	83.52941176470588	4739	03:02:00
44531	83.52941176470588	4797	05:16:00
130559	83.52941176470588	4800	03:17:00
173049	83.52941176470588	4801	01:57:00
48550	83.52941176470588	4892	02:30:00
24|6
459622	83.52941176470588	5029	13:41:00
112126	83.52941176470588	5038	14:19:00
614925	83.52941176470588	5074	10:24:00
489371	83.52941176470588	5092	13:59:00
85222	83.52941176470588	5121	08:19:00
181089	83.52941176470588	5121	09:07:00
25|6
563692	83.52941176470588	3652	23:16:00
582591	83.52941176470588	3652	23:16:00
600770	83.52941176470588	3652	23:16:00
607946	83.52941176470588	3652	23:16:00
274703	83.52941176470588	3652	23:17:00
362307	83.52941176470588	3652	23:19:00
26|6
614243	83.52941176470588	4315	19:25:00
617646	83.52941176470588	4315	19:25:00
622325	83.52941176470588	4315	19:25:00
55629	83.52941176470588	4315	19:32:00
363904	83.52941176470588	4315	19:32:00
373402	83.52941176470588	4315	19:32:00
27|6
169081	83.52941176470588	4637	07:48:00
386683	83.52941176470588	4637	07:48:00
224051	83.52941176470588	4703	06:34:00
436056	83.52941176470588	4800	15:25:00
473055	83.52941176470588	4902	17:21:00
26226	83.52941176470588	4902	17:29:00
28|6
75707	83.52941176470588	6028	02:29:00
397543	83.52941176470588	6028	02:29:00
298685	83.52941176470588	6028	02:32:00
75410	83.52941176470588	6028	02:34:00
567631	83.52941176470588	6028	02:34:00
578903	83.52941176470588	6028	02:39:00
29|6
184754	83.52941176470588	5518	03:54:00
556366	83.52941176470588	5518	03:54:00
238646	83.52941176470588	5518	03:56:00
7876	83.52941176470588	5518	03:57:00
302000	83.52941176470588	5518	03:57:00
569396	83.52941176470588	5619	19:41:00
30|6
267846	83.52941176470588	3630	21:31:00
467178	83.52941176470588	3630	21:31:00
444949	83.52941176470588	4709	13:03:00
489457	83.52941176470588	4709	13:14:00
529957	83.52941176470588	4709	13:16:00
552786	83.52941176470588	4709	13:24:00
31|6
123929	83.52941176470588	5344	20:38:00
98718	83.52941176470588	5352	09:05:00
195434	83.52941176470588	5353	23:27:00
588686	83.52941176470588	5353	23:35:00
604347	83.52941176470588	5370	16:36:00
17497	83.52941176470588	5414	18:31:00
32|6
358441	83.52941176470588	4308	18:24:00
440694	83.52941176470588	4308	18:24:00
577474	83.52941176470588	4308	18:24:00
266281	83.52941176470588	4308	18:25:00
371598	83.52941176470588	4308	18:25:00
564115	83.52941176470588	4308	18:25:00
33|6
75943	83.52941176470588	4063	08:45:00
355155	83.52941176470588	4063	08:53:00
564115	83.52941176470588	4063	08:54:00
364683	83.52941176470588	4063	09:01:00
437608	83.52941176470588	4063	09:01:00
603145	83.52941176470588	4063	09:01:00
34|6
1188	83.52941176470588	4384	15:40:00
4132	83.52941176470588	4384	15:40:00
30125	83.52941176470588	4384	15:40:00
36422	83.52941176470588	4384	15:40:00
421158	83.52941176470588	4384	15:40:00
482854	83.52941176470588	4384	15:40:00
35|6
529098	83.52941176470588	5494	14:35:00
559371	83.52941176470588	5494	15:48:00
237542	83.52941176470588	5494	15:50:00
549463	83.52941176470588	5494	15:50:00
381626	83.52941176470588	5494	16:17:00
407756	83.52941176470588	5494	16:17:00
36|6
571905	83.52941176470588	4001	20:14:00
198370	83.52941176470588	4002	16:25:00
347177	83.52941176470588	4002	16:37:00
27598	83.52941176470588	4002	16:55:00
551806	83.52941176470588	4002	16:56:00
193586	83.52941176470588	4002	17:29:00
37|6
169627	83.52941176470588	5122	13:00:00
130254	83.52941176470588	5122	13:04:00
141393	83.52941176470588	5122	13:04:00
469645	83.52941176470588	5122	14:08:00
84209	83.52941176470588	5122	15:39:00
280641	83.52941176470588	5122	15:46:00
38|6
504528	83.52941176470588	5397	07:55:00
517718	83.52941176470588	5397	07:55:00
532569	83.52941176470588	5397	07:55:00
614243	83.52941176470588	5397	07:55:00
614925	83.52941176470588	5397	07:55:00
622325	83.52941176470588	5397	07:55:00
39|6
614925	83.52941176470588	4316	22:00:00
34525	83.52941176470588	4316	22:31:00
540166	83.52941176470588	4316	22:31:00
327744	83.52941176470588	4316	22:34:00
9986	83.52941176470588	4316	22:38:00
536930	83.52941176470588	4316	22:38:00
40|6
328269	83.52941176470588	4596	07:29:00
195544	83.52941176470588	4596	07:32:00
186013	83.52941176470588	4596	07:35:00
213529	83.52941176470588	4596	07:35:00
257054	83.52941176470588	4596	07:35:00
509660	83.52941176470588	4596	07:40:00
41|6
498148	83.52941176470588	3878	14:36:00
113311	83.52941176470588	3883	01:17:00
571579	83.52941176470588	3972	15:05:00
199025	83.52941176470588	4303	21:08:00
375693	83.52941176470588	4303	21:08:00
591163	83.52941176470588	4303	21:08:00
42|6
134908	83.52941176470588	4596	13:45:00
303711	83.52941176470588	4597	08:56:00
3669	83.52941176470588	4597	09:58:00
458099	83.52941176470588	4598	08:21:00
82555	83.52941176470588	4598	10:13:00
248920	83.52941176470588	4598	10:13:00
43|6
309068	83.52941176470588	4635	00:15:00
328957	83.52941176470588	4635	00:15:00
376863	83.52941176470588	4635	00:15:00
60117	83.52941176470588	4635	00:20:00
409361	83.52941176470588	4635	00:20:00
581975	83.52941176470588	4641	08:55:00
