0|6
550452	84.31372549019608	5229	18:10:00
323933	84.31372549019608	5802	11:05:00
159248	84.31372549019608	5802	11:27:00
554099	84.31372549019608	5815	16:02:00
70896	84.31372549019608	5815	16:26:00
518385	84.31372549019608	5815	16:38:00
1|6
614243	84.31372549019608	5424	15:27:00
616649	84.31372549019608	5424	15:27:00
617646	84.31372549019608	5424	15:27:00
620594	84.31372549019608	5424	15:27:00
622325	84.31372549019608	5424	15:27:00
623778	84.31372549019608	5424	15:27:00
2|6
521716	84.31372549019608	4220	10:26:00
531386	84.31372549019608	4220	10:26:00
534002	84.31372549019608	4220	10:26:00
602548	84.31372549019608	4220	10:26:00
297989	84.31372549019608	5332	13:11:00
532569	84.31372549019608	5332	13:13:00
3|6
266898	84.31372549019608	3811	14:01:00
577089	84.31372549019608	3811	14:07:00
418340	84.31372549019608	3811	14:50:00
489371	84.31372549019608	4387	18:43:00
541471	84.31372549019608	4387	19:16:00
230010	84.31372549019608	4458	14:32:00
4|6
160409	84.31372549019608	4859	11:24:00
309265	84.31372549019608	4866	13:54:00
566574	84.31372549019608	4866	13:54:00
94767	84.31372549019608	4885	13:18:00
617491	84.31372549019608	4893	13:40:00
561044	84.31372549019608	4894	13:41:00
5|6
55372	84.31372549019608	5226	13:41:00
568050	84.31372549019608	5226	13:41:00
614805	84.31372549019608	5226	13:41:00
374622	84.31372549019608	5226	13:42:00
390355	84.31372549019608	5226	13:42:00
600781	84.31372549019608	5226	13:42:00
6|6
34428	84.31372549019608	5092	15:36:00
370386	84.31372549019608	5092	15:36:00
614925	84.31372549019608	5092	15:37:00
248723	84.31372549019608	5092	15:40:00
252962	84.31372549019608	5092	15:40:00
504528	84.31372549019608	5092	15:40:00
7|6
591369	84.31372549019608	6033	19:54:00
28621	84.31372549019608	6033	19:55:00
40189	84.31372549019608	6033	19:55:00
434891	84.31372549019608	6033	19:55:00
80657	84.31372549019608	6033	19:57:00
532790	84.31372549019608	6033	20:00:00
8|6
532569	84.31372549019608	4998	14:28:00
558154	84.31372549019608	4998	14:28:00
569179	84.31372549019608	4998	14:28:00
574204	84.31372549019608	4998	14:28:00
622325	84.31372549019608	4998	14:28:00
213829	84.31372549019608	4998	14:50:00
9|6
531386	84.31372549019608	4607	22:13:00
532569	84.31372549019608	4607	22:13:00
592747	84.31372549019608	4607	22:13:00
602602	84.31372549019608	4607	22:13:00
614925	84.31372549019608	4607	22:13:00
622325	84.31372549019608	4607	22:13:00
10|6
453396	84.31372549019608	3546	10:12:00
587636	84.31372549019608	3546	10:12:00
591461	84.31372549019608	3546	10:12:00
596241	84.31372549019608	3546	10:12:00
612520	84.31372549019608	3546	10:12:00
616649	84.31372549019608	3546	10:12:00
11|6
533053	84.31372549019608	4665	22:26:00
2273	84.31372549019608	4670	19:46:00
117627	84.31372549019608	4670	19:47:00
436796	84.31372549019608	4670	19:48:00
613923	84.31372549019608	4670	19:52:00
359283	84.31372549019608	4670	19:56:00
12|6
275010	84.31372549019608	5070	00:06:00
46030	84.31372549019608	5070	00:17:00
29235	84.31372549019608	5070	00:19:00
498179	84.31372549019608	5070	00:19:00
556541	84.31372549019608	5070	00:19:00
558814	84.31372549019608	5172	14:59:00
13|6
546992	84.31372549019608	4980	00:39:00
567726	84.31372549019608	4980	00:39:00
583090	84.31372549019608	4980	00:39:00
587636	84.31372549019608	4980	00:39:00
616649	84.31372549019608	4980	00:39:00
617646	84.31372549019608	4980	00:39:00
14|6
543905	84.31372549019608	5387	10:21:00
572538	84.31372549019608	5387	10:21:00
28590	84.31372549019608	5391	05:24:00
268594	84.31372549019608	5392	14:37:00
308881	84.31372549019608	5392	14:37:00
334831	84.31372549019608	5392	14:37:00
15|6
281112	84.31372549019608	5712	16:08:00
309256	84.31372549019608	5721	07:15:00
496762	84.31372549019608	5731	09:54:00
614925	84.31372549019608	5735	06:47:00
165824	84.31372549019608	5743	07:40:00
367313	84.31372549019608	5771	08:08:00
16|6
550452	84.31372549019608	5135	20:54:00
56437	84.31372549019608	5137	21:16:00
13379	84.31372549019608	5141	20:35:00
39046	84.31372549019608	5141	20:53:00
405897	84.31372549019608	5156	16:44:00
267723	84.31372549019608	5189	10:04:00
17|6
25205	84.31372549019608	4934	13:12:00
103410	84.31372549019608	4935	22:39:00
624550	84.31372549019608	4935	22:44:00
338242	84.31372549019608	4935	22:48:00
25311	84.31372549019608	4935	22:57:00
47310	84.31372549019608	4935	22:58:00
18|6
359811	84.31372549019608	5886	09:59:00
576535	84.31372549019608	5886	09:59:00
260310	84.31372549019608	5950	23:02:00
49509	84.31372549019608	6161	18:54:00
206975	84.31372549019608	6161	18:54:00
252459	84.31372549019608	6161	19:52:00
19|6
539904	84.31372549019608	4896	12:27:00
548098	84.31372549019608	4896	12:27:00
592747	84.31372549019608	4896	12:27:00
600770	84.31372549019608	4896	12:27:00
608376	84.31372549019608	4896	12:27:00
622325	84.31372549019608	4896	12:27:00
20|6
489371	84.31372549019608	4025	13:01:00
517526	84.31372549019608	4025	13:01:00
538823	84.31372549019608	4025	13:01:00
540934	84.31372549019608	4025	13:01:00
600770	84.31372549019608	4025	13:01:00
607946	84.31372549019608	4025	13:01:00
21|6
116469	84.31372549019608	4477	20:08:00
33730	84.31372549019608	4477	20:11:00
100025	84.31372549019608	4477	20:11:00
95970	84.31372549019608	4477	20:15:00
267723	84.31372549019608	4477	20:15:00
449769	84.31372549019608	4477	20:15:00
22|6
559390	84.31372549019608	4394	19:58:00
152442	84.31372549019608	4394	20:53:00
182003	84.31372549019608	4394	20:53:00
225679	84.31372549019608	4394	20:53:00
41414	84.31372549019608	4394	21:00:00
106447	84.31372549019608	4423	15:53:00
23|6
540166	84.31372549019608	4736	06:24:00
389637	84.31372549019608	4739	03:02:00
44531	84.31372549019608	4797	05:16:00
130559	84.31372549019608	4800	03:17:00
173049	84.31372549019608	4801	01:57:00
48550	84.31372549019608	4892	02:30:00
24|6
459622	84.31372549019608	5029	13:41:00
112126	84.31372549019608	5038	14:19:00
614925	84.31372549019608	5074	10:24:00
489371	84.31372549019608	5092	13:59:00
85222	84.31372549019608	5121	08:19:00
181089	84.31372549019608	5121	09:07:00
25|6
563692	84.31372549019608	3652	23:16:00
582591	84.31372549019608	3652	23:16:00
600770	84.31372549019608	3652	23:16:00
607946	84.31372549019608	3652	23:16:00
274703	84.31372549019608	3652	23:17:00
362307	84.31372549019608	3652	23:19:00
26|6
614243	84.31372549019608	4315	19:25:00
617646	84.31372549019608	4315	19:25:00
622325	84.31372549019608	4315	19:25:00
55629	84.31372549019608	4315	19:32:00
363904	84.31372549019608	4315	19:32:00
373402	84.31372549019608	4315	19:32:00
27|6
169081	84.31372549019608	4637	07:48:00
386683	84.31372549019608	4637	07:48:00
224051	84.31372549019608	4703	06:34:00
436056	84.31372549019608	4800	15:25:00
473055	84.31372549019608	4902	17:21:00
26226	84.31372549019608	4902	17:29:00
28|6
75707	84.31372549019608	6028	02:29:00
397543	84.31372549019608	6028	02:29:00
298685	84.31372549019608	6028	02:32:00
75410	84.31372549019608	6028	02:34:00
567631	84.31372549019608	6028	02:34:00
578903	84.31372549019608	6028	02:39:00
29|6
184754	84.31372549019608	5518	03:54:00
556366	84.31372549019608	5518	03:54:00
238646	84.31372549019608	5518	03:56:00
7876	84.31372549019608	5518	03:57:00
302000	84.31372549019608	5518	03:57:00
569396	84.31372549019608	5619	19:41:00
30|6
267846	84.31372549019608	3630	21:31:00
467178	84.31372549019608	3630	21:31:00
444949	84.31372549019608	4709	13:03:00
489457	84.31372549019608	4709	13:14:00
529957	84.31372549019608	4709	13:16:00
552786	84.31372549019608	4709	13:24:00
31|6
123929	84.31372549019608	5344	20:38:00
98718	84.31372549019608	5352	09:05:00
195434	84.31372549019608	5353	23:27:00
588686	84.31372549019608	5353	23:35:00
604347	84.31372549019608	5370	16:36:00
17497	84.31372549019608	5414	18:31:00
32|6
358441	84.31372549019608	4308	18:24:00
440694	84.31372549019608	4308	18:24:00
577474	84.31372549019608	4308	18:24:00
266281	84.31372549019608	4308	18:25:00
371598	84.31372549019608	4308	18:25:00
564115	84.31372549019608	4308	18:25:00
33|6
75943	84.31372549019608	4063	08:45:00
355155	84.31372549019608	4063	08:53:00
564115	84.31372549019608	4063	08:54:00
364683	84.31372549019608	4063	09:01:00
437608	84.31372549019608	4063	09:01:00
603145	84.31372549019608	4063	09:01:00
34|6
1188	84.31372549019608	4384	15:40:00
4132	84.31372549019608	4384	15:40:00
30125	84.31372549019608	4384	15:40:00
36422	84.31372549019608	4384	15:40:00
421158	84.31372549019608	4384	15:40:00
482854	84.31372549019608	4384	15:40:00
35|6
529098	84.31372549019608	5494	14:35:00
559371	84.31372549019608	5494	15:48:00
237542	84.31372549019608	5494	15:50:00
549463	84.31372549019608	5494	15:50:00
381626	84.31372549019608	5494	16:17:00
407756	84.31372549019608	5494	16:17:00
36|6
571905	84.31372549019608	4001	20:14:00
198370	84.31372549019608	4002	16:25:00
347177	84.31372549019608	4002	16:37:00
27598	84.31372549019608	4002	16:55:00
551806	84.31372549019608	4002	16:56:00
193586	84.31372549019608	4002	17:29:00
37|6
169627	84.31372549019608	5122	13:00:00
130254	84.31372549019608	5122	13:04:00
141393	84.31372549019608	5122	13:04:00
469645	84.31372549019608	5122	14:08:00
84209	84.31372549019608	5122	15:39:00
280641	84.31372549019608	5122	15:46:00
38|6
504528	84.31372549019608	5397	07:55:00
517718	84.31372549019608	5397	07:55:00
532569	84.31372549019608	5397	07:55:00
614243	84.31372549019608	5397	07:55:00
614925	84.31372549019608	5397	07:55:00
622325	84.31372549019608	5397	07:55:00
39|6
614925	84.31372549019608	4316	22:00:00
34525	84.31372549019608	4316	22:31:00
540166	84.31372549019608	4316	22:31:00
327744	84.31372549019608	4316	22:34:00
9986	84.31372549019608	4316	22:38:00
536930	84.31372549019608	4316	22:38:00
40|6
328269	84.31372549019608	4596	07:29:00
195544	84.31372549019608	4596	07:32:00
186013	84.31372549019608	4596	07:35:00
213529	84.31372549019608	4596	07:35:00
257054	84.31372549019608	4596	07:35:00
509660	84.31372549019608	4596	07:40:00
41|6
498148	84.31372549019608	3878	14:36:00
113311	84.31372549019608	3883	01:17:00
571579	84.31372549019608	3972	15:05:00
199025	84.31372549019608	4303	21:08:00
375693	84.31372549019608	4303	21:08:00
591163	84.31372549019608	4303	21:08:00
42|6
134908	84.31372549019608	4596	13:45:00
303711	84.31372549019608	4597	08:56:00
3669	84.31372549019608	4597	09:58:00
458099	84.31372549019608	4598	08:21:00
82555	84.31372549019608	4598	10:13:00
248920	84.31372549019608	4598	10:13:00
43|6
309068	84.31372549019608	4635	00:15:00
328957	84.31372549019608	4635	00:15:00
376863	84.31372549019608	4635	00:15:00
60117	84.31372549019608	4635	00:20:00
409361	84.31372549019608	4635	00:20:00
581975	84.31372549019608	4641	08:55:00
