0|6
550452	87.84313725490196	5229	18:10:00
323933	87.84313725490196	5802	11:05:00
159248	87.84313725490196	5802	11:27:00
554099	87.84313725490196	5815	16:02:00
70896	87.84313725490196	5815	16:26:00
518385	87.84313725490196	5815	16:38:00
1|6
614243	87.84313725490196	5424	15:27:00
616649	87.84313725490196	5424	15:27:00
617646	87.84313725490196	5424	15:27:00
620594	87.84313725490196	5424	15:27:00
622325	87.84313725490196	5424	15:27:00
623778	87.84313725490196	5424	15:27:00
2|6
521716	87.84313725490196	4220	10:26:00
531386	87.84313725490196	4220	10:26:00
534002	87.84313725490196	4220	10:26:00
602548	87.84313725490196	4220	10:26:00
297989	87.84313725490196	5332	13:11:00
532569	87.84313725490196	5332	13:13:00
3|6
266898	87.84313725490196	3811	14:01:00
577089	87.84313725490196	3811	14:07:00
418340	87.84313725490196	3811	14:50:00
489371	87.84313725490196	4387	18:43:00
541471	87.84313725490196	4387	19:16:00
230010	87.84313725490196	4458	14:32:00
4|6
160409	87.84313725490196	4859	11:24:00
309265	87.84313725490196	4866	13:54:00
566574	87.84313725490196	4866	13:54:00
94767	87.84313725490196	4885	13:18:00
617491	87.84313725490196	4893	13:40:00
561044	87.84313725490196	4894	13:41:00
5|6
55372	87.84313725490196	5226	13:41:00
568050	87.84313725490196	5226	13:41:00
614805	87.84313725490196	5226	13:41:00
374622	87.84313725490196	5226	13:42:00
390355	87.84313725490196	5226	13:42:00
600781	87.84313725490196	5226	13:42:00
6|6
34428	87.84313725490196	5092	15:36:00
370386	87.84313725490196	5092	15:36:00
614925	87.84313725490196	5092	15:37:00
248723	87.84313725490196	5092	15:40:00
252962	87.84313725490196	5092	15:40:00
504528	87.84313725490196	5092	15:40:00
7|6
591369	87.84313725490196	6033	19:54:00
28621	87.84313725490196	6033	19:55:00
40189	87.84313725490196	6033	19:55:00
434891	87.84313725490196	6033	19:55:00
80657	87.84313725490196	6033	19:57:00
532790	87.84313725490196	6033	20:00:00
8|6
532569	87.84313725490196	4998	14:28:00
558154	87.84313725490196	4998	14:28:00
569179	87.84313725490196	4998	14:28:00
574204	87.84313725490196	4998	14:28:00
622325	87.84313725490196	4998	14:28:00
213829	87.84313725490196	4998	14:50:00
9|6
531386	87.84313725490196	4607	22:13:00
532569	87.84313725490196	4607	22:13:00
592747	87.84313725490196	4607	22:13:00
602602	87.84313725490196	4607	22:13:00
614925	87.84313725490196	4607	22:13:00
622325	87.84313725490196	4607	22:13:00
10|6
453396	87.84313725490196	3546	10:12:00
587636	87.84313725490196	3546	10:12:00
591461	87.84313725490196	3546	10:12:00
596241	87.84313725490196	3546	10:12:00
612520	87.84313725490196	3546	10:12:00
616649	87.84313725490196	3546	10:12:00
11|6
533053	87.84313725490196	4665	22:26:00
2273	87.84313725490196	4670	19:46:00
117627	87.84313725490196	4670	19:47:00
436796	87.84313725490196	4670	19:48:00
613923	87.84313725490196	4670	19:52:00
359283	87.84313725490196	4670	19:56:00
12|6
275010	87.84313725490196	5070	00:06:00
46030	87.84313725490196	5070	00:17:00
29235	87.84313725490196	5070	00:19:00
498179	87.84313725490196	5070	00:19:00
556541	87.84313725490196	5070	00:19:00
558814	87.84313725490196	5172	14:59:00
13|6
546992	87.84313725490196	4980	00:39:00
567726	87.84313725490196	4980	00:39:00
583090	87.84313725490196	4980	00:39:00
587636	87.84313725490196	4980	00:39:00
616649	87.84313725490196	4980	00:39:00
617646	87.84313725490196	4980	00:39:00
14|6
543905	87.84313725490196	5387	10:21:00
572538	87.84313725490196	5387	10:21:00
28590	87.84313725490196	5391	05:24:00
268594	87.84313725490196	5392	14:37:00
308881	87.84313725490196	5392	14:37:00
334831	87.84313725490196	5392	14:37:00
15|6
281112	87.84313725490196	5712	16:08:00
309256	87.84313725490196	5721	07:15:00
496762	87.84313725490196	5731	09:54:00
614925	87.84313725490196	5735	06:47:00
165824	87.84313725490196	5743	07:40:00
367313	87.84313725490196	5771	08:08:00
16|6
550452	87.84313725490196	5135	20:54:00
56437	87.84313725490196	5137	21:16:00
13379	87.84313725490196	5141	20:35:00
39046	87.84313725490196	5141	20:53:00
405897	87.84313725490196	5156	16:44:00
267723	87.84313725490196	5189	10:04:00
17|6
25205	87.84313725490196	4934	13:12:00
103410	87.84313725490196	4935	22:39:00
624550	87.84313725490196	4935	22:44:00
338242	87.84313725490196	4935	22:48:00
25311	87.84313725490196	4935	22:57:00
47310	87.84313725490196	4935	22:58:00
18|6
359811	87.84313725490196	5886	09:59:00
576535	87.84313725490196	5886	09:59:00
260310	87.84313725490196	5950	23:02:00
49509	87.84313725490196	6161	18:54:00
206975	87.84313725490196	6161	18:54:00
252459	87.84313725490196	6161	19:52:00
19|6
539904	87.84313725490196	4896	12:27:00
548098	87.84313725490196	4896	12:27:00
592747	87.84313725490196	4896	12:27:00
600770	87.84313725490196	4896	12:27:00
608376	87.84313725490196	4896	12:27:00
622325	87.84313725490196	4896	12:27:00
20|6
489371	87.84313725490196	4025	13:01:00
517526	87.84313725490196	4025	13:01:00
538823	87.84313725490196	4025	13:01:00
540934	87.84313725490196	4025	13:01:00
600770	87.84313725490196	4025	13:01:00
607946	87.84313725490196	4025	13:01:00
21|6
116469	87.84313725490196	4477	20:08:00
33730	87.84313725490196	4477	20:11:00
100025	87.84313725490196	4477	20:11:00
95970	87.84313725490196	4477	20:15:00
267723	87.84313725490196	4477	20:15:00
449769	87.84313725490196	4477	20:15:00
22|6
559390	87.84313725490196	4394	19:58:00
152442	87.84313725490196	4394	20:53:00
182003	87.84313725490196	4394	20:53:00
225679	87.84313725490196	4394	20:53:00
41414	87.84313725490196	4394	21:00:00
106447	87.84313725490196	4423	15:53:00
23|6
540166	87.84313725490196	4736	06:24:00
389637	87.84313725490196	4739	03:02:00
44531	87.84313725490196	4797	05:16:00
130559	87.84313725490196	4800	03:17:00
173049	87.84313725490196	4801	01:57:00
48550	87.84313725490196	4892	02:30:00
24|6
459622	87.84313725490196	5029	13:41:00
112126	87.84313725490196	5038	14:19:00
614925	87.84313725490196	5074	10:24:00
489371	87.84313725490196	5092	13:59:00
85222	87.84313725490196	5121	08:19:00
181089	87.84313725490196	5121	09:07:00
25|6
563692	87.84313725490196	3652	23:16:00
582591	87.84313725490196	3652	23:16:00
600770	87.84313725490196	3652	23:16:00
607946	87.84313725490196	3652	23:16:00
274703	87.84313725490196	3652	23:17:00
362307	87.84313725490196	3652	23:19:00
26|6
614243	87.84313725490196	4315	19:25:00
617646	87.84313725490196	4315	19:25:00
622325	87.84313725490196	4315	19:25:00
55629	87.84313725490196	4315	19:32:00
363904	87.84313725490196	4315	19:32:00
373402	87.84313725490196	4315	19:32:00
27|6
169081	87.84313725490196	4637	07:48:00
386683	87.84313725490196	4637	07:48:00
224051	87.84313725490196	4703	06:34:00
436056	87.84313725490196	4800	15:25:00
473055	87.84313725490196	4902	17:21:00
26226	87.84313725490196	4902	17:29:00
28|6
75707	87.84313725490196	6028	02:29:00
397543	87.84313725490196	6028	02:29:00
298685	87.84313725490196	6028	02:32:00
75410	87.84313725490196	6028	02:34:00
567631	87.84313725490196	6028	02:34:00
578903	87.84313725490196	6028	02:39:00
29|6
184754	87.84313725490196	5518	03:54:00
556366	87.84313725490196	5518	03:54:00
238646	87.84313725490196	5518	03:56:00
7876	87.84313725490196	5518	03:57:00
302000	87.84313725490196	5518	03:57:00
569396	87.84313725490196	5619	19:41:00
30|6
267846	87.84313725490196	3630	21:31:00
467178	87.84313725490196	3630	21:31:00
444949	87.84313725490196	4709	13:03:00
489457	87.84313725490196	4709	13:14:00
529957	87.84313725490196	4709	13:16:00
552786	87.84313725490196	4709	13:24:00
31|6
123929	87.84313725490196	5344	20:38:00
98718	87.84313725490196	5352	09:05:00
195434	87.84313725490196	5353	23:27:00
588686	87.84313725490196	5353	23:35:00
604347	87.84313725490196	5370	16:36:00
17497	87.84313725490196	5414	18:31:00
32|6
358441	87.84313725490196	4308	18:24:00
440694	87.84313725490196	4308	18:24:00
577474	87.84313725490196	4308	18:24:00
266281	87.84313725490196	4308	18:25:00
371598	87.84313725490196	4308	18:25:00
564115	87.84313725490196	4308	18:25:00
33|6
75943	87.84313725490196	4063	08:45:00
355155	87.84313725490196	4063	08:53:00
564115	87.84313725490196	4063	08:54:00
364683	87.84313725490196	4063	09:01:00
437608	87.84313725490196	4063	09:01:00
603145	87.84313725490196	4063	09:01:00
34|6
1188	87.84313725490196	4384	15:40:00
4132	87.84313725490196	4384	15:40:00
30125	87.84313725490196	4384	15:40:00
36422	87.84313725490196	4384	15:40:00
421158	87.84313725490196	4384	15:40:00
482854	87.84313725490196	4384	15:40:00
35|6
529098	87.84313725490196	5494	14:35:00
559371	87.84313725490196	5494	15:48:00
237542	87.84313725490196	5494	15:50:00
549463	87.84313725490196	5494	15:50:00
381626	87.84313725490196	5494	16:17:00
407756	87.84313725490196	5494	16:17:00
36|6
571905	87.84313725490196	4001	20:14:00
198370	87.84313725490196	4002	16:25:00
347177	87.84313725490196	4002	16:37:00
27598	87.84313725490196	4002	16:55:00
551806	87.84313725490196	4002	16:56:00
193586	87.84313725490196	4002	17:29:00
37|6
169627	87.84313725490196	5122	13:00:00
130254	87.84313725490196	5122	13:04:00
141393	87.84313725490196	5122	13:04:00
469645	87.84313725490196	5122	14:08:00
84209	87.84313725490196	5122	15:39:00
280641	87.84313725490196	5122	15:46:00
38|6
504528	87.84313725490196	5397	07:55:00
517718	87.84313725490196	5397	07:55:00
532569	87.84313725490196	5397	07:55:00
614243	87.84313725490196	5397	07:55:00
614925	87.84313725490196	5397	07:55:00
622325	87.84313725490196	5397	07:55:00
39|6
614925	87.84313725490196	4316	22:00:00
34525	87.84313725490196	4316	22:31:00
540166	87.84313725490196	4316	22:31:00
327744	87.84313725490196	4316	22:34:00
9986	87.84313725490196	4316	22:38:00
536930	87.84313725490196	4316	22:38:00
40|6
328269	87.84313725490196	4596	07:29:00
195544	87.84313725490196	4596	07:32:00
186013	87.84313725490196	4596	07:35:00
213529	87.84313725490196	4596	07:35:00
257054	87.84313725490196	4596	07:35:00
509660	87.84313725490196	4596	07:40:00
41|6
498148	87.84313725490196	3878	14:36:00
113311	87.84313725490196	3883	01:17:00
571579	87.84313725490196	3972	15:05:00
199025	87.84313725490196	4303	21:08:00
375693	87.84313725490196	4303	21:08:00
591163	87.84313725490196	4303	21:08:00
42|6
134908	87.84313725490196	4596	13:45:00
303711	87.84313725490196	4597	08:56:00
3669	87.84313725490196	4597	09:58:00
458099	87.84313725490196	4598	08:21:00
82555	87.84313725490196	4598	10:13:00
248920	87.84313725490196	4598	10:13:00
43|6
309068	87.84313725490196	4635	00:15:00
328957	87.84313725490196	4635	00:15:00
376863	87.84313725490196	4635	00:15:00
60117	87.84313725490196	4635	00:20:00
409361	87.84313725490196	4635	00:20:00
581975	87.84313725490196	4641	08:55:00
