0|6
550452	88.62745098039215	5229	18:10:00
323933	88.62745098039215	5802	11:05:00
159248	88.62745098039215	5802	11:27:00
554099	88.62745098039215	5815	16:02:00
70896	88.62745098039215	5815	16:26:00
518385	88.62745098039215	5815	16:38:00
1|6
614243	88.62745098039215	5424	15:27:00
616649	88.62745098039215	5424	15:27:00
617646	88.62745098039215	5424	15:27:00
620594	88.62745098039215	5424	15:27:00
622325	88.62745098039215	5424	15:27:00
623778	88.62745098039215	5424	15:27:00
2|6
521716	88.62745098039215	4220	10:26:00
531386	88.62745098039215	4220	10:26:00
534002	88.62745098039215	4220	10:26:00
602548	88.62745098039215	4220	10:26:00
297989	88.62745098039215	5332	13:11:00
532569	88.62745098039215	5332	13:13:00
3|6
266898	88.62745098039215	3811	14:01:00
577089	88.62745098039215	3811	14:07:00
418340	88.62745098039215	3811	14:50:00
489371	88.62745098039215	4387	18:43:00
541471	88.62745098039215	4387	19:16:00
230010	88.62745098039215	4458	14:32:00
4|6
160409	88.62745098039215	4859	11:24:00
309265	88.62745098039215	4866	13:54:00
566574	88.62745098039215	4866	13:54:00
94767	88.62745098039215	4885	13:18:00
617491	88.62745098039215	4893	13:40:00
561044	88.62745098039215	4894	13:41:00
5|6
55372	88.62745098039215	5226	13:41:00
568050	88.62745098039215	5226	13:41:00
614805	88.62745098039215	5226	13:41:00
374622	88.62745098039215	5226	13:42:00
390355	88.62745098039215	5226	13:42:00
600781	88.62745098039215	5226	13:42:00
6|6
34428	88.62745098039215	5092	15:36:00
370386	88.62745098039215	5092	15:36:00
614925	88.62745098039215	5092	15:37:00
248723	88.62745098039215	5092	15:40:00
252962	88.62745098039215	5092	15:40:00
504528	88.62745098039215	5092	15:40:00
7|6
591369	88.62745098039215	6033	19:54:00
28621	88.62745098039215	6033	19:55:00
40189	88.62745098039215	6033	19:55:00
434891	88.62745098039215	6033	19:55:00
80657	88.62745098039215	6033	19:57:00
532790	88.62745098039215	6033	20:00:00
8|6
532569	88.62745098039215	4998	14:28:00
558154	88.62745098039215	4998	14:28:00
569179	88.62745098039215	4998	14:28:00
574204	88.62745098039215	4998	14:28:00
622325	88.62745098039215	4998	14:28:00
213829	88.62745098039215	4998	14:50:00
9|6
531386	88.62745098039215	4607	22:13:00
532569	88.62745098039215	4607	22:13:00
592747	88.62745098039215	4607	22:13:00
602602	88.62745098039215	4607	22:13:00
614925	88.62745098039215	4607	22:13:00
622325	88.62745098039215	4607	22:13:00
10|6
453396	88.62745098039215	3546	10:12:00
587636	88.62745098039215	3546	10:12:00
591461	88.62745098039215	3546	10:12:00
596241	88.62745098039215	3546	10:12:00
612520	88.62745098039215	3546	10:12:00
616649	88.62745098039215	3546	10:12:00
11|6
533053	88.62745098039215	4665	22:26:00
2273	88.62745098039215	4670	19:46:00
117627	88.62745098039215	4670	19:47:00
436796	88.62745098039215	4670	19:48:00
613923	88.62745098039215	4670	19:52:00
359283	88.62745098039215	4670	19:56:00
12|6
275010	88.62745098039215	5070	00:06:00
46030	88.62745098039215	5070	00:17:00
29235	88.62745098039215	5070	00:19:00
498179	88.62745098039215	5070	00:19:00
556541	88.62745098039215	5070	00:19:00
558814	88.62745098039215	5172	14:59:00
13|6
546992	88.62745098039215	4980	00:39:00
567726	88.62745098039215	4980	00:39:00
583090	88.62745098039215	4980	00:39:00
587636	88.62745098039215	4980	00:39:00
616649	88.62745098039215	4980	00:39:00
617646	88.62745098039215	4980	00:39:00
14|6
543905	88.62745098039215	5387	10:21:00
572538	88.62745098039215	5387	10:21:00
28590	88.62745098039215	5391	05:24:00
268594	88.62745098039215	5392	14:37:00
308881	88.62745098039215	5392	14:37:00
334831	88.62745098039215	5392	14:37:00
15|6
281112	88.62745098039215	5712	16:08:00
309256	88.62745098039215	5721	07:15:00
496762	88.62745098039215	5731	09:54:00
614925	88.62745098039215	5735	06:47:00
165824	88.62745098039215	5743	07:40:00
367313	88.62745098039215	5771	08:08:00
16|6
550452	88.62745098039215	5135	20:54:00
56437	88.62745098039215	5137	21:16:00
13379	88.62745098039215	5141	20:35:00
39046	88.62745098039215	5141	20:53:00
405897	88.62745098039215	5156	16:44:00
267723	88.62745098039215	5189	10:04:00
17|6
25205	88.62745098039215	4934	13:12:00
103410	88.62745098039215	4935	22:39:00
624550	88.62745098039215	4935	22:44:00
338242	88.62745098039215	4935	22:48:00
25311	88.62745098039215	4935	22:57:00
47310	88.62745098039215	4935	22:58:00
18|6
359811	88.62745098039215	5886	09:59:00
576535	88.62745098039215	5886	09:59:00
260310	88.62745098039215	5950	23:02:00
49509	88.62745098039215	6161	18:54:00
206975	88.62745098039215	6161	18:54:00
252459	88.62745098039215	6161	19:52:00
19|6
539904	88.62745098039215	4896	12:27:00
548098	88.62745098039215	4896	12:27:00
592747	88.62745098039215	4896	12:27:00
600770	88.62745098039215	4896	12:27:00
608376	88.62745098039215	4896	12:27:00
622325	88.62745098039215	4896	12:27:00
20|6
489371	88.62745098039215	4025	13:01:00
517526	88.62745098039215	4025	13:01:00
538823	88.62745098039215	4025	13:01:00
540934	88.62745098039215	4025	13:01:00
600770	88.62745098039215	4025	13:01:00
607946	88.62745098039215	4025	13:01:00
21|6
116469	88.62745098039215	4477	20:08:00
33730	88.62745098039215	4477	20:11:00
100025	88.62745098039215	4477	20:11:00
95970	88.62745098039215	4477	20:15:00
267723	88.62745098039215	4477	20:15:00
449769	88.62745098039215	4477	20:15:00
22|6
559390	88.62745098039215	4394	19:58:00
152442	88.62745098039215	4394	20:53:00
182003	88.62745098039215	4394	20:53:00
225679	88.62745098039215	4394	20:53:00
41414	88.62745098039215	4394	21:00:00
106447	88.62745098039215	4423	15:53:00
23|6
540166	88.62745098039215	4736	06:24:00
389637	88.62745098039215	4739	03:02:00
44531	88.62745098039215	4797	05:16:00
130559	88.62745098039215	4800	03:17:00
173049	88.62745098039215	4801	01:57:00
48550	88.62745098039215	4892	02:30:00
24|6
459622	88.62745098039215	5029	13:41:00
112126	88.62745098039215	5038	14:19:00
614925	88.62745098039215	5074	10:24:00
489371	88.62745098039215	5092	13:59:00
85222	88.62745098039215	5121	08:19:00
181089	88.62745098039215	5121	09:07:00
25|6
563692	88.62745098039215	3652	23:16:00
582591	88.62745098039215	3652	23:16:00
600770	88.62745098039215	3652	23:16:00
607946	88.62745098039215	3652	23:16:00
274703	88.62745098039215	3652	23:17:00
362307	88.62745098039215	3652	23:19:00
26|6
614243	88.62745098039215	4315	19:25:00
617646	88.62745098039215	4315	19:25:00
622325	88.62745098039215	4315	19:25:00
55629	88.62745098039215	4315	19:32:00
363904	88.62745098039215	4315	19:32:00
373402	88.62745098039215	4315	19:32:00
27|6
169081	88.62745098039215	4637	07:48:00
386683	88.62745098039215	4637	07:48:00
224051	88.62745098039215	4703	06:34:00
436056	88.62745098039215	4800	15:25:00
473055	88.62745098039215	4902	17:21:00
26226	88.62745098039215	4902	17:29:00
28|6
75707	88.62745098039215	6028	02:29:00
397543	88.62745098039215	6028	02:29:00
298685	88.62745098039215	6028	02:32:00
75410	88.62745098039215	6028	02:34:00
567631	88.62745098039215	6028	02:34:00
578903	88.62745098039215	6028	02:39:00
29|6
184754	88.62745098039215	5518	03:54:00
556366	88.62745098039215	5518	03:54:00
238646	88.62745098039215	5518	03:56:00
7876	88.62745098039215	5518	03:57:00
302000	88.62745098039215	5518	03:57:00
569396	88.62745098039215	5619	19:41:00
30|6
267846	88.62745098039215	3630	21:31:00
467178	88.62745098039215	3630	21:31:00
444949	88.62745098039215	4709	13:03:00
489457	88.62745098039215	4709	13:14:00
529957	88.62745098039215	4709	13:16:00
552786	88.62745098039215	4709	13:24:00
31|6
123929	88.62745098039215	5344	20:38:00
98718	88.62745098039215	5352	09:05:00
195434	88.62745098039215	5353	23:27:00
588686	88.62745098039215	5353	23:35:00
604347	88.62745098039215	5370	16:36:00
17497	88.62745098039215	5414	18:31:00
32|6
358441	88.62745098039215	4308	18:24:00
440694	88.62745098039215	4308	18:24:00
577474	88.62745098039215	4308	18:24:00
266281	88.62745098039215	4308	18:25:00
371598	88.62745098039215	4308	18:25:00
564115	88.62745098039215	4308	18:25:00
33|6
75943	88.62745098039215	4063	08:45:00
355155	88.62745098039215	4063	08:53:00
564115	88.62745098039215	4063	08:54:00
364683	88.62745098039215	4063	09:01:00
437608	88.62745098039215	4063	09:01:00
603145	88.62745098039215	4063	09:01:00
34|6
1188	88.62745098039215	4384	15:40:00
4132	88.62745098039215	4384	15:40:00
30125	88.62745098039215	4384	15:40:00
36422	88.62745098039215	4384	15:40:00
421158	88.62745098039215	4384	15:40:00
482854	88.62745098039215	4384	15:40:00
35|6
529098	88.62745098039215	5494	14:35:00
559371	88.62745098039215	5494	15:48:00
237542	88.62745098039215	5494	15:50:00
549463	88.62745098039215	5494	15:50:00
381626	88.62745098039215	5494	16:17:00
407756	88.62745098039215	5494	16:17:00
36|6
571905	88.62745098039215	4001	20:14:00
198370	88.62745098039215	4002	16:25:00
347177	88.62745098039215	4002	16:37:00
27598	88.62745098039215	4002	16:55:00
551806	88.62745098039215	4002	16:56:00
193586	88.62745098039215	4002	17:29:00
37|6
169627	88.62745098039215	5122	13:00:00
130254	88.62745098039215	5122	13:04:00
141393	88.62745098039215	5122	13:04:00
469645	88.62745098039215	5122	14:08:00
84209	88.62745098039215	5122	15:39:00
280641	88.62745098039215	5122	15:46:00
38|6
504528	88.62745098039215	5397	07:55:00
517718	88.62745098039215	5397	07:55:00
532569	88.62745098039215	5397	07:55:00
614243	88.62745098039215	5397	07:55:00
614925	88.62745098039215	5397	07:55:00
622325	88.62745098039215	5397	07:55:00
39|6
614925	88.62745098039215	4316	22:00:00
34525	88.62745098039215	4316	22:31:00
540166	88.62745098039215	4316	22:31:00
327744	88.62745098039215	4316	22:34:00
9986	88.62745098039215	4316	22:38:00
536930	88.62745098039215	4316	22:38:00
40|6
328269	88.62745098039215	4596	07:29:00
195544	88.62745098039215	4596	07:32:00
186013	88.62745098039215	4596	07:35:00
213529	88.62745098039215	4596	07:35:00
257054	88.62745098039215	4596	07:35:00
509660	88.62745098039215	4596	07:40:00
41|6
498148	88.62745098039215	3878	14:36:00
113311	88.62745098039215	3883	01:17:00
571579	88.62745098039215	3972	15:05:00
199025	88.62745098039215	4303	21:08:00
375693	88.62745098039215	4303	21:08:00
591163	88.62745098039215	4303	21:08:00
42|6
134908	88.62745098039215	4596	13:45:00
303711	88.62745098039215	4597	08:56:00
3669	88.62745098039215	4597	09:58:00
458099	88.62745098039215	4598	08:21:00
82555	88.62745098039215	4598	10:13:00
248920	88.62745098039215	4598	10:13:00
43|6
309068	88.62745098039215	4635	00:15:00
328957	88.62745098039215	4635	00:15:00
376863	88.62745098039215	4635	00:15:00
60117	88.62745098039215	4635	00:20:00
409361	88.62745098039215	4635	00:20:00
581975	88.62745098039215	4641	08:55:00
