0|6
550452	89.41176470588236	5229	18:10:00
323933	89.41176470588236	5802	11:05:00
159248	89.41176470588236	5802	11:27:00
554099	89.41176470588236	5815	16:02:00
70896	89.41176470588236	5815	16:26:00
518385	89.41176470588236	5815	16:38:00
1|6
614243	89.41176470588236	5424	15:27:00
616649	89.41176470588236	5424	15:27:00
617646	89.41176470588236	5424	15:27:00
620594	89.41176470588236	5424	15:27:00
622325	89.41176470588236	5424	15:27:00
623778	89.41176470588236	5424	15:27:00
2|6
521716	89.41176470588236	4220	10:26:00
531386	89.41176470588236	4220	10:26:00
534002	89.41176470588236	4220	10:26:00
602548	89.41176470588236	4220	10:26:00
297989	89.41176470588236	5332	13:11:00
532569	89.41176470588236	5332	13:13:00
3|6
266898	89.41176470588236	3811	14:01:00
577089	89.41176470588236	3811	14:07:00
418340	89.41176470588236	3811	14:50:00
489371	89.41176470588236	4387	18:43:00
541471	89.41176470588236	4387	19:16:00
230010	89.41176470588236	4458	14:32:00
4|6
160409	89.41176470588236	4859	11:24:00
309265	89.41176470588236	4866	13:54:00
566574	89.41176470588236	4866	13:54:00
94767	89.41176470588236	4885	13:18:00
617491	89.41176470588236	4893	13:40:00
561044	89.41176470588236	4894	13:41:00
5|6
55372	89.41176470588236	5226	13:41:00
568050	89.41176470588236	5226	13:41:00
614805	89.41176470588236	5226	13:41:00
374622	89.41176470588236	5226	13:42:00
390355	89.41176470588236	5226	13:42:00
600781	89.41176470588236	5226	13:42:00
6|6
34428	89.41176470588236	5092	15:36:00
370386	89.41176470588236	5092	15:36:00
614925	89.41176470588236	5092	15:37:00
248723	89.41176470588236	5092	15:40:00
252962	89.41176470588236	5092	15:40:00
504528	89.41176470588236	5092	15:40:00
7|6
591369	89.41176470588236	6033	19:54:00
28621	89.41176470588236	6033	19:55:00
40189	89.41176470588236	6033	19:55:00
434891	89.41176470588236	6033	19:55:00
80657	89.41176470588236	6033	19:57:00
532790	89.41176470588236	6033	20:00:00
8|6
532569	89.41176470588236	4998	14:28:00
558154	89.41176470588236	4998	14:28:00
569179	89.41176470588236	4998	14:28:00
574204	89.41176470588236	4998	14:28:00
622325	89.41176470588236	4998	14:28:00
213829	89.41176470588236	4998	14:50:00
9|6
531386	89.41176470588236	4607	22:13:00
532569	89.41176470588236	4607	22:13:00
592747	89.41176470588236	4607	22:13:00
602602	89.41176470588236	4607	22:13:00
614925	89.41176470588236	4607	22:13:00
622325	89.41176470588236	4607	22:13:00
10|6
453396	89.41176470588236	3546	10:12:00
587636	89.41176470588236	3546	10:12:00
591461	89.41176470588236	3546	10:12:00
596241	89.41176470588236	3546	10:12:00
612520	89.41176470588236	3546	10:12:00
616649	89.41176470588236	3546	10:12:00
11|6
533053	89.41176470588236	4665	22:26:00
2273	89.41176470588236	4670	19:46:00
117627	89.41176470588236	4670	19:47:00
436796	89.41176470588236	4670	19:48:00
613923	89.41176470588236	4670	19:52:00
359283	89.41176470588236	4670	19:56:00
12|6
275010	89.41176470588236	5070	00:06:00
46030	89.41176470588236	5070	00:17:00
29235	89.41176470588236	5070	00:19:00
498179	89.41176470588236	5070	00:19:00
556541	89.41176470588236	5070	00:19:00
558814	89.41176470588236	5172	14:59:00
13|6
546992	89.41176470588236	4980	00:39:00
567726	89.41176470588236	4980	00:39:00
583090	89.41176470588236	4980	00:39:00
587636	89.41176470588236	4980	00:39:00
616649	89.41176470588236	4980	00:39:00
617646	89.41176470588236	4980	00:39:00
14|6
543905	89.41176470588236	5387	10:21:00
572538	89.41176470588236	5387	10:21:00
28590	89.41176470588236	5391	05:24:00
268594	89.41176470588236	5392	14:37:00
308881	89.41176470588236	5392	14:37:00
334831	89.41176470588236	5392	14:37:00
15|6
281112	89.41176470588236	5712	16:08:00
309256	89.41176470588236	5721	07:15:00
496762	89.41176470588236	5731	09:54:00
614925	89.41176470588236	5735	06:47:00
165824	89.41176470588236	5743	07:40:00
367313	89.41176470588236	5771	08:08:00
16|6
550452	89.41176470588236	5135	20:54:00
56437	89.41176470588236	5137	21:16:00
13379	89.41176470588236	5141	20:35:00
39046	89.41176470588236	5141	20:53:00
405897	89.41176470588236	5156	16:44:00
267723	89.41176470588236	5189	10:04:00
17|6
25205	89.41176470588236	4934	13:12:00
103410	89.41176470588236	4935	22:39:00
624550	89.41176470588236	4935	22:44:00
338242	89.41176470588236	4935	22:48:00
25311	89.41176470588236	4935	22:57:00
47310	89.41176470588236	4935	22:58:00
18|6
359811	89.41176470588236	5886	09:59:00
576535	89.41176470588236	5886	09:59:00
260310	89.41176470588236	5950	23:02:00
49509	89.41176470588236	6161	18:54:00
206975	89.41176470588236	6161	18:54:00
252459	89.41176470588236	6161	19:52:00
19|6
539904	89.41176470588236	4896	12:27:00
548098	89.41176470588236	4896	12:27:00
592747	89.41176470588236	4896	12:27:00
600770	89.41176470588236	4896	12:27:00
608376	89.41176470588236	4896	12:27:00
622325	89.41176470588236	4896	12:27:00
20|6
489371	89.41176470588236	4025	13:01:00
517526	89.41176470588236	4025	13:01:00
538823	89.41176470588236	4025	13:01:00
540934	89.41176470588236	4025	13:01:00
600770	89.41176470588236	4025	13:01:00
607946	89.41176470588236	4025	13:01:00
21|6
116469	89.41176470588236	4477	20:08:00
33730	89.41176470588236	4477	20:11:00
100025	89.41176470588236	4477	20:11:00
95970	89.41176470588236	4477	20:15:00
267723	89.41176470588236	4477	20:15:00
449769	89.41176470588236	4477	20:15:00
22|6
559390	89.41176470588236	4394	19:58:00
152442	89.41176470588236	4394	20:53:00
182003	89.41176470588236	4394	20:53:00
225679	89.41176470588236	4394	20:53:00
41414	89.41176470588236	4394	21:00:00
106447	89.41176470588236	4423	15:53:00
23|6
540166	89.41176470588236	4736	06:24:00
389637	89.41176470588236	4739	03:02:00
44531	89.41176470588236	4797	05:16:00
130559	89.41176470588236	4800	03:17:00
173049	89.41176470588236	4801	01:57:00
48550	89.41176470588236	4892	02:30:00
24|6
459622	89.41176470588236	5029	13:41:00
112126	89.41176470588236	5038	14:19:00
614925	89.41176470588236	5074	10:24:00
489371	89.41176470588236	5092	13:59:00
85222	89.41176470588236	5121	08:19:00
181089	89.41176470588236	5121	09:07:00
25|6
563692	89.41176470588236	3652	23:16:00
582591	89.41176470588236	3652	23:16:00
600770	89.41176470588236	3652	23:16:00
607946	89.41176470588236	3652	23:16:00
274703	89.41176470588236	3652	23:17:00
362307	89.41176470588236	3652	23:19:00
26|6
614243	89.41176470588236	4315	19:25:00
617646	89.41176470588236	4315	19:25:00
622325	89.41176470588236	4315	19:25:00
55629	89.41176470588236	4315	19:32:00
363904	89.41176470588236	4315	19:32:00
373402	89.41176470588236	4315	19:32:00
27|6
169081	89.41176470588236	4637	07:48:00
386683	89.41176470588236	4637	07:48:00
224051	89.41176470588236	4703	06:34:00
436056	89.41176470588236	4800	15:25:00
473055	89.41176470588236	4902	17:21:00
26226	89.41176470588236	4902	17:29:00
28|6
75707	89.41176470588236	6028	02:29:00
397543	89.41176470588236	6028	02:29:00
298685	89.41176470588236	6028	02:32:00
75410	89.41176470588236	6028	02:34:00
567631	89.41176470588236	6028	02:34:00
578903	89.41176470588236	6028	02:39:00
29|6
184754	89.41176470588236	5518	03:54:00
556366	89.41176470588236	5518	03:54:00
238646	89.41176470588236	5518	03:56:00
7876	89.41176470588236	5518	03:57:00
302000	89.41176470588236	5518	03:57:00
569396	89.41176470588236	5619	19:41:00
30|6
267846	89.41176470588236	3630	21:31:00
467178	89.41176470588236	3630	21:31:00
444949	89.41176470588236	4709	13:03:00
489457	89.41176470588236	4709	13:14:00
529957	89.41176470588236	4709	13:16:00
552786	89.41176470588236	4709	13:24:00
31|6
123929	89.41176470588236	5344	20:38:00
98718	89.41176470588236	5352	09:05:00
195434	89.41176470588236	5353	23:27:00
588686	89.41176470588236	5353	23:35:00
604347	89.41176470588236	5370	16:36:00
17497	89.41176470588236	5414	18:31:00
32|6
358441	89.41176470588236	4308	18:24:00
440694	89.41176470588236	4308	18:24:00
577474	89.41176470588236	4308	18:24:00
266281	89.41176470588236	4308	18:25:00
371598	89.41176470588236	4308	18:25:00
564115	89.41176470588236	4308	18:25:00
33|6
75943	89.41176470588236	4063	08:45:00
355155	89.41176470588236	4063	08:53:00
564115	89.41176470588236	4063	08:54:00
364683	89.41176470588236	4063	09:01:00
437608	89.41176470588236	4063	09:01:00
603145	89.41176470588236	4063	09:01:00
34|6
1188	89.41176470588236	4384	15:40:00
4132	89.41176470588236	4384	15:40:00
30125	89.41176470588236	4384	15:40:00
36422	89.41176470588236	4384	15:40:00
421158	89.41176470588236	4384	15:40:00
482854	89.41176470588236	4384	15:40:00
35|6
529098	89.41176470588236	5494	14:35:00
559371	89.41176470588236	5494	15:48:00
237542	89.41176470588236	5494	15:50:00
549463	89.41176470588236	5494	15:50:00
381626	89.41176470588236	5494	16:17:00
407756	89.41176470588236	5494	16:17:00
36|6
571905	89.41176470588236	4001	20:14:00
198370	89.41176470588236	4002	16:25:00
347177	89.41176470588236	4002	16:37:00
27598	89.41176470588236	4002	16:55:00
551806	89.41176470588236	4002	16:56:00
193586	89.41176470588236	4002	17:29:00
37|6
169627	89.41176470588236	5122	13:00:00
130254	89.41176470588236	5122	13:04:00
141393	89.41176470588236	5122	13:04:00
469645	89.41176470588236	5122	14:08:00
84209	89.41176470588236	5122	15:39:00
280641	89.41176470588236	5122	15:46:00
38|6
504528	89.41176470588236	5397	07:55:00
517718	89.41176470588236	5397	07:55:00
532569	89.41176470588236	5397	07:55:00
614243	89.41176470588236	5397	07:55:00
614925	89.41176470588236	5397	07:55:00
622325	89.41176470588236	5397	07:55:00
39|6
614925	89.41176470588236	4316	22:00:00
34525	89.41176470588236	4316	22:31:00
540166	89.41176470588236	4316	22:31:00
327744	89.41176470588236	4316	22:34:00
9986	89.41176470588236	4316	22:38:00
536930	89.41176470588236	4316	22:38:00
40|6
328269	89.41176470588236	4596	07:29:00
195544	89.41176470588236	4596	07:32:00
186013	89.41176470588236	4596	07:35:00
213529	89.41176470588236	4596	07:35:00
257054	89.41176470588236	4596	07:35:00
509660	89.41176470588236	4596	07:40:00
41|6
498148	89.41176470588236	3878	14:36:00
113311	89.41176470588236	3883	01:17:00
571579	89.41176470588236	3972	15:05:00
199025	89.41176470588236	4303	21:08:00
375693	89.41176470588236	4303	21:08:00
591163	89.41176470588236	4303	21:08:00
42|6
134908	89.41176470588236	4596	13:45:00
303711	89.41176470588236	4597	08:56:00
3669	89.41176470588236	4597	09:58:00
458099	89.41176470588236	4598	08:21:00
82555	89.41176470588236	4598	10:13:00
248920	89.41176470588236	4598	10:13:00
43|6
309068	89.41176470588236	4635	00:15:00
328957	89.41176470588236	4635	00:15:00
376863	89.41176470588236	4635	00:15:00
60117	89.41176470588236	4635	00:20:00
409361	89.41176470588236	4635	00:20:00
581975	89.41176470588236	4641	08:55:00
