0|6
550452	91.37254901960785	5229	18:10:00
323933	91.37254901960785	5802	11:05:00
159248	91.37254901960785	5802	11:27:00
554099	91.37254901960785	5815	16:02:00
70896	91.37254901960785	5815	16:26:00
518385	91.37254901960785	5815	16:38:00
1|6
614243	91.37254901960785	5424	15:27:00
616649	91.37254901960785	5424	15:27:00
617646	91.37254901960785	5424	15:27:00
620594	91.37254901960785	5424	15:27:00
622325	91.37254901960785	5424	15:27:00
623778	91.37254901960785	5424	15:27:00
2|6
521716	91.37254901960785	4220	10:26:00
531386	91.37254901960785	4220	10:26:00
534002	91.37254901960785	4220	10:26:00
602548	91.37254901960785	4220	10:26:00
297989	91.37254901960785	5332	13:11:00
532569	91.37254901960785	5332	13:13:00
3|6
266898	91.37254901960785	3811	14:01:00
577089	91.37254901960785	3811	14:07:00
418340	91.37254901960785	3811	14:50:00
489371	91.37254901960785	4387	18:43:00
541471	91.37254901960785	4387	19:16:00
230010	91.37254901960785	4458	14:32:00
4|6
160409	91.37254901960785	4859	11:24:00
309265	91.37254901960785	4866	13:54:00
566574	91.37254901960785	4866	13:54:00
94767	91.37254901960785	4885	13:18:00
617491	91.37254901960785	4893	13:40:00
561044	91.37254901960785	4894	13:41:00
5|6
55372	91.37254901960785	5226	13:41:00
568050	91.37254901960785	5226	13:41:00
614805	91.37254901960785	5226	13:41:00
374622	91.37254901960785	5226	13:42:00
390355	91.37254901960785	5226	13:42:00
600781	91.37254901960785	5226	13:42:00
6|6
34428	91.37254901960785	5092	15:36:00
370386	91.37254901960785	5092	15:36:00
614925	91.37254901960785	5092	15:37:00
248723	91.37254901960785	5092	15:40:00
252962	91.37254901960785	5092	15:40:00
504528	91.37254901960785	5092	15:40:00
7|6
591369	91.37254901960785	6033	19:54:00
28621	91.37254901960785	6033	19:55:00
40189	91.37254901960785	6033	19:55:00
434891	91.37254901960785	6033	19:55:00
80657	91.37254901960785	6033	19:57:00
532790	91.37254901960785	6033	20:00:00
8|6
532569	91.37254901960785	4998	14:28:00
558154	91.37254901960785	4998	14:28:00
569179	91.37254901960785	4998	14:28:00
574204	91.37254901960785	4998	14:28:00
622325	91.37254901960785	4998	14:28:00
213829	91.37254901960785	4998	14:50:00
9|6
531386	91.37254901960785	4607	22:13:00
532569	91.37254901960785	4607	22:13:00
592747	91.37254901960785	4607	22:13:00
602602	91.37254901960785	4607	22:13:00
614925	91.37254901960785	4607	22:13:00
622325	91.37254901960785	4607	22:13:00
10|6
453396	91.37254901960785	3546	10:12:00
587636	91.37254901960785	3546	10:12:00
591461	91.37254901960785	3546	10:12:00
596241	91.37254901960785	3546	10:12:00
612520	91.37254901960785	3546	10:12:00
616649	91.37254901960785	3546	10:12:00
11|6
533053	91.37254901960785	4665	22:26:00
2273	91.37254901960785	4670	19:46:00
117627	91.37254901960785	4670	19:47:00
436796	91.37254901960785	4670	19:48:00
613923	91.37254901960785	4670	19:52:00
359283	91.37254901960785	4670	19:56:00
12|6
275010	91.37254901960785	5070	00:06:00
46030	91.37254901960785	5070	00:17:00
29235	91.37254901960785	5070	00:19:00
498179	91.37254901960785	5070	00:19:00
556541	91.37254901960785	5070	00:19:00
558814	91.37254901960785	5172	14:59:00
13|6
546992	91.37254901960785	4980	00:39:00
567726	91.37254901960785	4980	00:39:00
583090	91.37254901960785	4980	00:39:00
587636	91.37254901960785	4980	00:39:00
616649	91.37254901960785	4980	00:39:00
617646	91.37254901960785	4980	00:39:00
14|6
543905	91.37254901960785	5387	10:21:00
572538	91.37254901960785	5387	10:21:00
28590	91.37254901960785	5391	05:24:00
268594	91.37254901960785	5392	14:37:00
308881	91.37254901960785	5392	14:37:00
334831	91.37254901960785	5392	14:37:00
15|6
281112	91.37254901960785	5712	16:08:00
309256	91.37254901960785	5721	07:15:00
496762	91.37254901960785	5731	09:54:00
614925	91.37254901960785	5735	06:47:00
165824	91.37254901960785	5743	07:40:00
367313	91.37254901960785	5771	08:08:00
16|6
550452	91.37254901960785	5135	20:54:00
56437	91.37254901960785	5137	21:16:00
13379	91.37254901960785	5141	20:35:00
39046	91.37254901960785	5141	20:53:00
405897	91.37254901960785	5156	16:44:00
267723	91.37254901960785	5189	10:04:00
17|6
25205	91.37254901960785	4934	13:12:00
103410	91.37254901960785	4935	22:39:00
624550	91.37254901960785	4935	22:44:00
338242	91.37254901960785	4935	22:48:00
25311	91.37254901960785	4935	22:57:00
47310	91.37254901960785	4935	22:58:00
18|6
359811	91.37254901960785	5886	09:59:00
576535	91.37254901960785	5886	09:59:00
260310	91.37254901960785	5950	23:02:00
49509	91.37254901960785	6161	18:54:00
206975	91.37254901960785	6161	18:54:00
252459	91.37254901960785	6161	19:52:00
19|6
539904	91.37254901960785	4896	12:27:00
548098	91.37254901960785	4896	12:27:00
592747	91.37254901960785	4896	12:27:00
600770	91.37254901960785	4896	12:27:00
608376	91.37254901960785	4896	12:27:00
622325	91.37254901960785	4896	12:27:00
20|6
489371	91.37254901960785	4025	13:01:00
517526	91.37254901960785	4025	13:01:00
538823	91.37254901960785	4025	13:01:00
540934	91.37254901960785	4025	13:01:00
600770	91.37254901960785	4025	13:01:00
607946	91.37254901960785	4025	13:01:00
21|6
116469	91.37254901960785	4477	20:08:00
33730	91.37254901960785	4477	20:11:00
100025	91.37254901960785	4477	20:11:00
95970	91.37254901960785	4477	20:15:00
267723	91.37254901960785	4477	20:15:00
449769	91.37254901960785	4477	20:15:00
22|6
559390	91.37254901960785	4394	19:58:00
152442	91.37254901960785	4394	20:53:00
182003	91.37254901960785	4394	20:53:00
225679	91.37254901960785	4394	20:53:00
41414	91.37254901960785	4394	21:00:00
106447	91.37254901960785	4423	15:53:00
23|6
540166	91.37254901960785	4736	06:24:00
389637	91.37254901960785	4739	03:02:00
44531	91.37254901960785	4797	05:16:00
130559	91.37254901960785	4800	03:17:00
173049	91.37254901960785	4801	01:57:00
48550	91.37254901960785	4892	02:30:00
24|6
459622	91.37254901960785	5029	13:41:00
112126	91.37254901960785	5038	14:19:00
614925	91.37254901960785	5074	10:24:00
489371	91.37254901960785	5092	13:59:00
85222	91.37254901960785	5121	08:19:00
181089	91.37254901960785	5121	09:07:00
25|6
563692	91.37254901960785	3652	23:16:00
582591	91.37254901960785	3652	23:16:00
600770	91.37254901960785	3652	23:16:00
607946	91.37254901960785	3652	23:16:00
274703	91.37254901960785	3652	23:17:00
362307	91.37254901960785	3652	23:19:00
26|6
614243	91.37254901960785	4315	19:25:00
617646	91.37254901960785	4315	19:25:00
622325	91.37254901960785	4315	19:25:00
55629	91.37254901960785	4315	19:32:00
363904	91.37254901960785	4315	19:32:00
373402	91.37254901960785	4315	19:32:00
27|6
169081	91.37254901960785	4637	07:48:00
386683	91.37254901960785	4637	07:48:00
224051	91.37254901960785	4703	06:34:00
436056	91.37254901960785	4800	15:25:00
473055	91.37254901960785	4902	17:21:00
26226	91.37254901960785	4902	17:29:00
28|6
75707	91.37254901960785	6028	02:29:00
397543	91.37254901960785	6028	02:29:00
298685	91.37254901960785	6028	02:32:00
75410	91.37254901960785	6028	02:34:00
567631	91.37254901960785	6028	02:34:00
578903	91.37254901960785	6028	02:39:00
29|6
184754	91.37254901960785	5518	03:54:00
556366	91.37254901960785	5518	03:54:00
238646	91.37254901960785	5518	03:56:00
7876	91.37254901960785	5518	03:57:00
302000	91.37254901960785	5518	03:57:00
569396	91.37254901960785	5619	19:41:00
30|6
267846	91.37254901960785	3630	21:31:00
467178	91.37254901960785	3630	21:31:00
444949	91.37254901960785	4709	13:03:00
489457	91.37254901960785	4709	13:14:00
529957	91.37254901960785	4709	13:16:00
552786	91.37254901960785	4709	13:24:00
31|6
123929	91.37254901960785	5344	20:38:00
98718	91.37254901960785	5352	09:05:00
195434	91.37254901960785	5353	23:27:00
588686	91.37254901960785	5353	23:35:00
604347	91.37254901960785	5370	16:36:00
17497	91.37254901960785	5414	18:31:00
32|6
358441	91.37254901960785	4308	18:24:00
440694	91.37254901960785	4308	18:24:00
577474	91.37254901960785	4308	18:24:00
266281	91.37254901960785	4308	18:25:00
371598	91.37254901960785	4308	18:25:00
564115	91.37254901960785	4308	18:25:00
33|6
75943	91.37254901960785	4063	08:45:00
355155	91.37254901960785	4063	08:53:00
564115	91.37254901960785	4063	08:54:00
364683	91.37254901960785	4063	09:01:00
437608	91.37254901960785	4063	09:01:00
603145	91.37254901960785	4063	09:01:00
34|6
1188	91.37254901960785	4384	15:40:00
4132	91.37254901960785	4384	15:40:00
30125	91.37254901960785	4384	15:40:00
36422	91.37254901960785	4384	15:40:00
421158	91.37254901960785	4384	15:40:00
482854	91.37254901960785	4384	15:40:00
35|6
529098	91.37254901960785	5494	14:35:00
559371	91.37254901960785	5494	15:48:00
237542	91.37254901960785	5494	15:50:00
549463	91.37254901960785	5494	15:50:00
381626	91.37254901960785	5494	16:17:00
407756	91.37254901960785	5494	16:17:00
36|6
571905	91.37254901960785	4001	20:14:00
198370	91.37254901960785	4002	16:25:00
347177	91.37254901960785	4002	16:37:00
27598	91.37254901960785	4002	16:55:00
551806	91.37254901960785	4002	16:56:00
193586	91.37254901960785	4002	17:29:00
37|6
169627	91.37254901960785	5122	13:00:00
130254	91.37254901960785	5122	13:04:00
141393	91.37254901960785	5122	13:04:00
469645	91.37254901960785	5122	14:08:00
84209	91.37254901960785	5122	15:39:00
280641	91.37254901960785	5122	15:46:00
38|6
504528	91.37254901960785	5397	07:55:00
517718	91.37254901960785	5397	07:55:00
532569	91.37254901960785	5397	07:55:00
614243	91.37254901960785	5397	07:55:00
614925	91.37254901960785	5397	07:55:00
622325	91.37254901960785	5397	07:55:00
39|6
614925	91.37254901960785	4316	22:00:00
34525	91.37254901960785	4316	22:31:00
540166	91.37254901960785	4316	22:31:00
327744	91.37254901960785	4316	22:34:00
9986	91.37254901960785	4316	22:38:00
536930	91.37254901960785	4316	22:38:00
40|6
328269	91.37254901960785	4596	07:29:00
195544	91.37254901960785	4596	07:32:00
186013	91.37254901960785	4596	07:35:00
213529	91.37254901960785	4596	07:35:00
257054	91.37254901960785	4596	07:35:00
509660	91.37254901960785	4596	07:40:00
41|6
498148	91.37254901960785	3878	14:36:00
113311	91.37254901960785	3883	01:17:00
571579	91.37254901960785	3972	15:05:00
199025	91.37254901960785	4303	21:08:00
375693	91.37254901960785	4303	21:08:00
591163	91.37254901960785	4303	21:08:00
42|6
134908	91.37254901960785	4596	13:45:00
303711	91.37254901960785	4597	08:56:00
3669	91.37254901960785	4597	09:58:00
458099	91.37254901960785	4598	08:21:00
82555	91.37254901960785	4598	10:13:00
248920	91.37254901960785	4598	10:13:00
43|6
309068	91.37254901960785	4635	00:15:00
328957	91.37254901960785	4635	00:15:00
376863	91.37254901960785	4635	00:15:00
60117	91.37254901960785	4635	00:20:00
409361	91.37254901960785	4635	00:20:00
581975	91.37254901960785	4641	08:55:00
