0|6
550452	92.54901960784314	5229	18:10:00
323933	92.54901960784314	5802	11:05:00
159248	92.54901960784314	5802	11:27:00
554099	92.54901960784314	5815	16:02:00
70896	92.54901960784314	5815	16:26:00
518385	92.54901960784314	5815	16:38:00
1|6
614243	92.54901960784314	5424	15:27:00
616649	92.54901960784314	5424	15:27:00
617646	92.54901960784314	5424	15:27:00
620594	92.54901960784314	5424	15:27:00
622325	92.54901960784314	5424	15:27:00
623778	92.54901960784314	5424	15:27:00
2|6
521716	92.54901960784314	4220	10:26:00
531386	92.54901960784314	4220	10:26:00
534002	92.54901960784314	4220	10:26:00
602548	92.54901960784314	4220	10:26:00
297989	92.54901960784314	5332	13:11:00
532569	92.54901960784314	5332	13:13:00
3|6
266898	92.54901960784314	3811	14:01:00
577089	92.54901960784314	3811	14:07:00
418340	92.54901960784314	3811	14:50:00
489371	92.54901960784314	4387	18:43:00
541471	92.54901960784314	4387	19:16:00
230010	92.54901960784314	4458	14:32:00
4|6
160409	92.54901960784314	4859	11:24:00
309265	92.54901960784314	4866	13:54:00
566574	92.54901960784314	4866	13:54:00
94767	92.54901960784314	4885	13:18:00
617491	92.54901960784314	4893	13:40:00
561044	92.54901960784314	4894	13:41:00
5|6
55372	92.54901960784314	5226	13:41:00
568050	92.54901960784314	5226	13:41:00
614805	92.54901960784314	5226	13:41:00
374622	92.54901960784314	5226	13:42:00
390355	92.54901960784314	5226	13:42:00
600781	92.54901960784314	5226	13:42:00
6|6
34428	92.54901960784314	5092	15:36:00
370386	92.54901960784314	5092	15:36:00
614925	92.54901960784314	5092	15:37:00
248723	92.54901960784314	5092	15:40:00
252962	92.54901960784314	5092	15:40:00
504528	92.54901960784314	5092	15:40:00
7|6
591369	92.54901960784314	6033	19:54:00
28621	92.54901960784314	6033	19:55:00
40189	92.54901960784314	6033	19:55:00
434891	92.54901960784314	6033	19:55:00
80657	92.54901960784314	6033	19:57:00
532790	92.54901960784314	6033	20:00:00
8|6
532569	92.54901960784314	4998	14:28:00
558154	92.54901960784314	4998	14:28:00
569179	92.54901960784314	4998	14:28:00
574204	92.54901960784314	4998	14:28:00
622325	92.54901960784314	4998	14:28:00
213829	92.54901960784314	4998	14:50:00
9|6
531386	92.54901960784314	4607	22:13:00
532569	92.54901960784314	4607	22:13:00
592747	92.54901960784314	4607	22:13:00
602602	92.54901960784314	4607	22:13:00
614925	92.54901960784314	4607	22:13:00
622325	92.54901960784314	4607	22:13:00
10|6
453396	92.54901960784314	3546	10:12:00
587636	92.54901960784314	3546	10:12:00
591461	92.54901960784314	3546	10:12:00
596241	92.54901960784314	3546	10:12:00
612520	92.54901960784314	3546	10:12:00
616649	92.54901960784314	3546	10:12:00
11|6
533053	92.54901960784314	4665	22:26:00
2273	92.54901960784314	4670	19:46:00
117627	92.54901960784314	4670	19:47:00
436796	92.54901960784314	4670	19:48:00
613923	92.54901960784314	4670	19:52:00
359283	92.54901960784314	4670	19:56:00
12|6
275010	92.54901960784314	5070	00:06:00
46030	92.54901960784314	5070	00:17:00
29235	92.54901960784314	5070	00:19:00
498179	92.54901960784314	5070	00:19:00
556541	92.54901960784314	5070	00:19:00
558814	92.54901960784314	5172	14:59:00
13|6
546992	92.54901960784314	4980	00:39:00
567726	92.54901960784314	4980	00:39:00
583090	92.54901960784314	4980	00:39:00
587636	92.54901960784314	4980	00:39:00
616649	92.54901960784314	4980	00:39:00
617646	92.54901960784314	4980	00:39:00
14|6
543905	92.54901960784314	5387	10:21:00
572538	92.54901960784314	5387	10:21:00
28590	92.54901960784314	5391	05:24:00
268594	92.54901960784314	5392	14:37:00
308881	92.54901960784314	5392	14:37:00
334831	92.54901960784314	5392	14:37:00
15|6
281112	92.54901960784314	5712	16:08:00
309256	92.54901960784314	5721	07:15:00
496762	92.54901960784314	5731	09:54:00
614925	92.54901960784314	5735	06:47:00
165824	92.54901960784314	5743	07:40:00
367313	92.54901960784314	5771	08:08:00
16|6
550452	92.54901960784314	5135	20:54:00
56437	92.54901960784314	5137	21:16:00
13379	92.54901960784314	5141	20:35:00
39046	92.54901960784314	5141	20:53:00
405897	92.54901960784314	5156	16:44:00
267723	92.54901960784314	5189	10:04:00
17|6
25205	92.54901960784314	4934	13:12:00
103410	92.54901960784314	4935	22:39:00
624550	92.54901960784314	4935	22:44:00
338242	92.54901960784314	4935	22:48:00
25311	92.54901960784314	4935	22:57:00
47310	92.54901960784314	4935	22:58:00
18|6
359811	92.54901960784314	5886	09:59:00
576535	92.54901960784314	5886	09:59:00
260310	92.54901960784314	5950	23:02:00
49509	92.54901960784314	6161	18:54:00
206975	92.54901960784314	6161	18:54:00
252459	92.54901960784314	6161	19:52:00
19|6
539904	92.54901960784314	4896	12:27:00
548098	92.54901960784314	4896	12:27:00
592747	92.54901960784314	4896	12:27:00
600770	92.54901960784314	4896	12:27:00
608376	92.54901960784314	4896	12:27:00
622325	92.54901960784314	4896	12:27:00
20|6
489371	92.54901960784314	4025	13:01:00
517526	92.54901960784314	4025	13:01:00
538823	92.54901960784314	4025	13:01:00
540934	92.54901960784314	4025	13:01:00
600770	92.54901960784314	4025	13:01:00
607946	92.54901960784314	4025	13:01:00
21|6
116469	92.54901960784314	4477	20:08:00
33730	92.54901960784314	4477	20:11:00
100025	92.54901960784314	4477	20:11:00
95970	92.54901960784314	4477	20:15:00
267723	92.54901960784314	4477	20:15:00
449769	92.54901960784314	4477	20:15:00
22|6
559390	92.54901960784314	4394	19:58:00
152442	92.54901960784314	4394	20:53:00
182003	92.54901960784314	4394	20:53:00
225679	92.54901960784314	4394	20:53:00
41414	92.54901960784314	4394	21:00:00
106447	92.54901960784314	4423	15:53:00
23|6
540166	92.54901960784314	4736	06:24:00
389637	92.54901960784314	4739	03:02:00
44531	92.54901960784314	4797	05:16:00
130559	92.54901960784314	4800	03:17:00
173049	92.54901960784314	4801	01:57:00
48550	92.54901960784314	4892	02:30:00
24|6
459622	92.54901960784314	5029	13:41:00
112126	92.54901960784314	5038	14:19:00
614925	92.54901960784314	5074	10:24:00
489371	92.54901960784314	5092	13:59:00
85222	92.54901960784314	5121	08:19:00
181089	92.54901960784314	5121	09:07:00
25|6
563692	92.54901960784314	3652	23:16:00
582591	92.54901960784314	3652	23:16:00
600770	92.54901960784314	3652	23:16:00
607946	92.54901960784314	3652	23:16:00
274703	92.54901960784314	3652	23:17:00
362307	92.54901960784314	3652	23:19:00
26|6
614243	92.54901960784314	4315	19:25:00
617646	92.54901960784314	4315	19:25:00
622325	92.54901960784314	4315	19:25:00
55629	92.54901960784314	4315	19:32:00
363904	92.54901960784314	4315	19:32:00
373402	92.54901960784314	4315	19:32:00
27|6
169081	92.54901960784314	4637	07:48:00
386683	92.54901960784314	4637	07:48:00
224051	92.54901960784314	4703	06:34:00
436056	92.54901960784314	4800	15:25:00
473055	92.54901960784314	4902	17:21:00
26226	92.54901960784314	4902	17:29:00
28|6
75707	92.54901960784314	6028	02:29:00
397543	92.54901960784314	6028	02:29:00
298685	92.54901960784314	6028	02:32:00
75410	92.54901960784314	6028	02:34:00
567631	92.54901960784314	6028	02:34:00
578903	92.54901960784314	6028	02:39:00
29|6
184754	92.54901960784314	5518	03:54:00
556366	92.54901960784314	5518	03:54:00
238646	92.54901960784314	5518	03:56:00
7876	92.54901960784314	5518	03:57:00
302000	92.54901960784314	5518	03:57:00
569396	92.54901960784314	5619	19:41:00
30|6
267846	92.54901960784314	3630	21:31:00
467178	92.54901960784314	3630	21:31:00
444949	92.54901960784314	4709	13:03:00
489457	92.54901960784314	4709	13:14:00
529957	92.54901960784314	4709	13:16:00
552786	92.54901960784314	4709	13:24:00
31|6
123929	92.54901960784314	5344	20:38:00
98718	92.54901960784314	5352	09:05:00
195434	92.54901960784314	5353	23:27:00
588686	92.54901960784314	5353	23:35:00
604347	92.54901960784314	5370	16:36:00
17497	92.54901960784314	5414	18:31:00
32|6
358441	92.54901960784314	4308	18:24:00
440694	92.54901960784314	4308	18:24:00
577474	92.54901960784314	4308	18:24:00
266281	92.54901960784314	4308	18:25:00
371598	92.54901960784314	4308	18:25:00
564115	92.54901960784314	4308	18:25:00
33|6
75943	92.54901960784314	4063	08:45:00
355155	92.54901960784314	4063	08:53:00
564115	92.54901960784314	4063	08:54:00
364683	92.54901960784314	4063	09:01:00
437608	92.54901960784314	4063	09:01:00
603145	92.54901960784314	4063	09:01:00
34|6
1188	92.54901960784314	4384	15:40:00
4132	92.54901960784314	4384	15:40:00
30125	92.54901960784314	4384	15:40:00
36422	92.54901960784314	4384	15:40:00
421158	92.54901960784314	4384	15:40:00
482854	92.54901960784314	4384	15:40:00
35|6
529098	92.54901960784314	5494	14:35:00
559371	92.54901960784314	5494	15:48:00
237542	92.54901960784314	5494	15:50:00
549463	92.54901960784314	5494	15:50:00
381626	92.54901960784314	5494	16:17:00
407756	92.54901960784314	5494	16:17:00
36|6
571905	92.54901960784314	4001	20:14:00
198370	92.54901960784314	4002	16:25:00
347177	92.54901960784314	4002	16:37:00
27598	92.54901960784314	4002	16:55:00
551806	92.54901960784314	4002	16:56:00
193586	92.54901960784314	4002	17:29:00
37|6
169627	92.54901960784314	5122	13:00:00
130254	92.54901960784314	5122	13:04:00
141393	92.54901960784314	5122	13:04:00
469645	92.54901960784314	5122	14:08:00
84209	92.54901960784314	5122	15:39:00
280641	92.54901960784314	5122	15:46:00
38|6
504528	92.54901960784314	5397	07:55:00
517718	92.54901960784314	5397	07:55:00
532569	92.54901960784314	5397	07:55:00
614243	92.54901960784314	5397	07:55:00
614925	92.54901960784314	5397	07:55:00
622325	92.54901960784314	5397	07:55:00
39|6
614925	92.54901960784314	4316	22:00:00
34525	92.54901960784314	4316	22:31:00
540166	92.54901960784314	4316	22:31:00
327744	92.54901960784314	4316	22:34:00
9986	92.54901960784314	4316	22:38:00
536930	92.54901960784314	4316	22:38:00
40|6
328269	92.54901960784314	4596	07:29:00
195544	92.54901960784314	4596	07:32:00
186013	92.54901960784314	4596	07:35:00
213529	92.54901960784314	4596	07:35:00
257054	92.54901960784314	4596	07:35:00
509660	92.54901960784314	4596	07:40:00
41|6
498148	92.54901960784314	3878	14:36:00
113311	92.54901960784314	3883	01:17:00
571579	92.54901960784314	3972	15:05:00
199025	92.54901960784314	4303	21:08:00
375693	92.54901960784314	4303	21:08:00
591163	92.54901960784314	4303	21:08:00
42|6
134908	92.54901960784314	4596	13:45:00
303711	92.54901960784314	4597	08:56:00
3669	92.54901960784314	4597	09:58:00
458099	92.54901960784314	4598	08:21:00
82555	92.54901960784314	4598	10:13:00
248920	92.54901960784314	4598	10:13:00
43|6
309068	92.54901960784314	4635	00:15:00
328957	92.54901960784314	4635	00:15:00
376863	92.54901960784314	4635	00:15:00
60117	92.54901960784314	4635	00:20:00
409361	92.54901960784314	4635	00:20:00
581975	92.54901960784314	4641	08:55:00
