0|6
550452	93.72549019607843	5229	18:10:00
323933	93.72549019607843	5802	11:05:00
159248	93.72549019607843	5802	11:27:00
554099	93.72549019607843	5815	16:02:00
70896	93.72549019607843	5815	16:26:00
518385	93.72549019607843	5815	16:38:00
1|6
614243	93.72549019607843	5424	15:27:00
616649	93.72549019607843	5424	15:27:00
617646	93.72549019607843	5424	15:27:00
620594	93.72549019607843	5424	15:27:00
622325	93.72549019607843	5424	15:27:00
623778	93.72549019607843	5424	15:27:00
2|6
521716	93.72549019607843	4220	10:26:00
531386	93.72549019607843	4220	10:26:00
534002	93.72549019607843	4220	10:26:00
602548	93.72549019607843	4220	10:26:00
297989	93.72549019607843	5332	13:11:00
532569	93.72549019607843	5332	13:13:00
3|6
266898	93.72549019607843	3811	14:01:00
577089	93.72549019607843	3811	14:07:00
418340	93.72549019607843	3811	14:50:00
489371	93.72549019607843	4387	18:43:00
541471	93.72549019607843	4387	19:16:00
230010	93.72549019607843	4458	14:32:00
4|6
160409	93.72549019607843	4859	11:24:00
309265	93.72549019607843	4866	13:54:00
566574	93.72549019607843	4866	13:54:00
94767	93.72549019607843	4885	13:18:00
617491	93.72549019607843	4893	13:40:00
561044	93.72549019607843	4894	13:41:00
5|6
55372	93.72549019607843	5226	13:41:00
568050	93.72549019607843	5226	13:41:00
614805	93.72549019607843	5226	13:41:00
374622	93.72549019607843	5226	13:42:00
390355	93.72549019607843	5226	13:42:00
600781	93.72549019607843	5226	13:42:00
6|6
34428	93.72549019607843	5092	15:36:00
370386	93.72549019607843	5092	15:36:00
614925	93.72549019607843	5092	15:37:00
248723	93.72549019607843	5092	15:40:00
252962	93.72549019607843	5092	15:40:00
504528	93.72549019607843	5092	15:40:00
7|6
591369	93.72549019607843	6033	19:54:00
28621	93.72549019607843	6033	19:55:00
40189	93.72549019607843	6033	19:55:00
434891	93.72549019607843	6033	19:55:00
80657	93.72549019607843	6033	19:57:00
532790	93.72549019607843	6033	20:00:00
8|6
532569	93.72549019607843	4998	14:28:00
558154	93.72549019607843	4998	14:28:00
569179	93.72549019607843	4998	14:28:00
574204	93.72549019607843	4998	14:28:00
622325	93.72549019607843	4998	14:28:00
213829	93.72549019607843	4998	14:50:00
9|6
531386	93.72549019607843	4607	22:13:00
532569	93.72549019607843	4607	22:13:00
592747	93.72549019607843	4607	22:13:00
602602	93.72549019607843	4607	22:13:00
614925	93.72549019607843	4607	22:13:00
622325	93.72549019607843	4607	22:13:00
10|6
453396	93.72549019607843	3546	10:12:00
587636	93.72549019607843	3546	10:12:00
591461	93.72549019607843	3546	10:12:00
596241	93.72549019607843	3546	10:12:00
612520	93.72549019607843	3546	10:12:00
616649	93.72549019607843	3546	10:12:00
11|6
533053	93.72549019607843	4665	22:26:00
2273	93.72549019607843	4670	19:46:00
117627	93.72549019607843	4670	19:47:00
436796	93.72549019607843	4670	19:48:00
613923	93.72549019607843	4670	19:52:00
359283	93.72549019607843	4670	19:56:00
12|6
275010	93.72549019607843	5070	00:06:00
46030	93.72549019607843	5070	00:17:00
29235	93.72549019607843	5070	00:19:00
498179	93.72549019607843	5070	00:19:00
556541	93.72549019607843	5070	00:19:00
558814	93.72549019607843	5172	14:59:00
13|6
546992	93.72549019607843	4980	00:39:00
567726	93.72549019607843	4980	00:39:00
583090	93.72549019607843	4980	00:39:00
587636	93.72549019607843	4980	00:39:00
616649	93.72549019607843	4980	00:39:00
617646	93.72549019607843	4980	00:39:00
14|6
543905	93.72549019607843	5387	10:21:00
572538	93.72549019607843	5387	10:21:00
28590	93.72549019607843	5391	05:24:00
268594	93.72549019607843	5392	14:37:00
308881	93.72549019607843	5392	14:37:00
334831	93.72549019607843	5392	14:37:00
15|6
281112	93.72549019607843	5712	16:08:00
309256	93.72549019607843	5721	07:15:00
496762	93.72549019607843	5731	09:54:00
614925	93.72549019607843	5735	06:47:00
165824	93.72549019607843	5743	07:40:00
367313	93.72549019607843	5771	08:08:00
16|6
550452	93.72549019607843	5135	20:54:00
56437	93.72549019607843	5137	21:16:00
13379	93.72549019607843	5141	20:35:00
39046	93.72549019607843	5141	20:53:00
405897	93.72549019607843	5156	16:44:00
267723	93.72549019607843	5189	10:04:00
17|6
25205	93.72549019607843	4934	13:12:00
103410	93.72549019607843	4935	22:39:00
624550	93.72549019607843	4935	22:44:00
338242	93.72549019607843	4935	22:48:00
25311	93.72549019607843	4935	22:57:00
47310	93.72549019607843	4935	22:58:00
18|6
359811	93.72549019607843	5886	09:59:00
576535	93.72549019607843	5886	09:59:00
260310	93.72549019607843	5950	23:02:00
49509	93.72549019607843	6161	18:54:00
206975	93.72549019607843	6161	18:54:00
252459	93.72549019607843	6161	19:52:00
19|6
539904	93.72549019607843	4896	12:27:00
548098	93.72549019607843	4896	12:27:00
592747	93.72549019607843	4896	12:27:00
600770	93.72549019607843	4896	12:27:00
608376	93.72549019607843	4896	12:27:00
622325	93.72549019607843	4896	12:27:00
20|6
489371	93.72549019607843	4025	13:01:00
517526	93.72549019607843	4025	13:01:00
538823	93.72549019607843	4025	13:01:00
540934	93.72549019607843	4025	13:01:00
600770	93.72549019607843	4025	13:01:00
607946	93.72549019607843	4025	13:01:00
21|6
116469	93.72549019607843	4477	20:08:00
33730	93.72549019607843	4477	20:11:00
100025	93.72549019607843	4477	20:11:00
95970	93.72549019607843	4477	20:15:00
267723	93.72549019607843	4477	20:15:00
449769	93.72549019607843	4477	20:15:00
22|6
559390	93.72549019607843	4394	19:58:00
152442	93.72549019607843	4394	20:53:00
182003	93.72549019607843	4394	20:53:00
225679	93.72549019607843	4394	20:53:00
41414	93.72549019607843	4394	21:00:00
106447	93.72549019607843	4423	15:53:00
23|6
540166	93.72549019607843	4736	06:24:00
389637	93.72549019607843	4739	03:02:00
44531	93.72549019607843	4797	05:16:00
130559	93.72549019607843	4800	03:17:00
173049	93.72549019607843	4801	01:57:00
48550	93.72549019607843	4892	02:30:00
24|6
459622	93.72549019607843	5029	13:41:00
112126	93.72549019607843	5038	14:19:00
614925	93.72549019607843	5074	10:24:00
489371	93.72549019607843	5092	13:59:00
85222	93.72549019607843	5121	08:19:00
181089	93.72549019607843	5121	09:07:00
25|6
563692	93.72549019607843	3652	23:16:00
582591	93.72549019607843	3652	23:16:00
600770	93.72549019607843	3652	23:16:00
607946	93.72549019607843	3652	23:16:00
274703	93.72549019607843	3652	23:17:00
362307	93.72549019607843	3652	23:19:00
26|6
614243	93.72549019607843	4315	19:25:00
617646	93.72549019607843	4315	19:25:00
622325	93.72549019607843	4315	19:25:00
55629	93.72549019607843	4315	19:32:00
363904	93.72549019607843	4315	19:32:00
373402	93.72549019607843	4315	19:32:00
27|6
169081	93.72549019607843	4637	07:48:00
386683	93.72549019607843	4637	07:48:00
224051	93.72549019607843	4703	06:34:00
436056	93.72549019607843	4800	15:25:00
473055	93.72549019607843	4902	17:21:00
26226	93.72549019607843	4902	17:29:00
28|6
75707	93.72549019607843	6028	02:29:00
397543	93.72549019607843	6028	02:29:00
298685	93.72549019607843	6028	02:32:00
75410	93.72549019607843	6028	02:34:00
567631	93.72549019607843	6028	02:34:00
578903	93.72549019607843	6028	02:39:00
29|6
184754	93.72549019607843	5518	03:54:00
556366	93.72549019607843	5518	03:54:00
238646	93.72549019607843	5518	03:56:00
7876	93.72549019607843	5518	03:57:00
302000	93.72549019607843	5518	03:57:00
569396	93.72549019607843	5619	19:41:00
30|6
267846	93.72549019607843	3630	21:31:00
467178	93.72549019607843	3630	21:31:00
444949	93.72549019607843	4709	13:03:00
489457	93.72549019607843	4709	13:14:00
529957	93.72549019607843	4709	13:16:00
552786	93.72549019607843	4709	13:24:00
31|6
123929	93.72549019607843	5344	20:38:00
98718	93.72549019607843	5352	09:05:00
195434	93.72549019607843	5353	23:27:00
588686	93.72549019607843	5353	23:35:00
604347	93.72549019607843	5370	16:36:00
17497	93.72549019607843	5414	18:31:00
32|6
358441	93.72549019607843	4308	18:24:00
440694	93.72549019607843	4308	18:24:00
577474	93.72549019607843	4308	18:24:00
266281	93.72549019607843	4308	18:25:00
371598	93.72549019607843	4308	18:25:00
564115	93.72549019607843	4308	18:25:00
33|6
75943	93.72549019607843	4063	08:45:00
355155	93.72549019607843	4063	08:53:00
564115	93.72549019607843	4063	08:54:00
364683	93.72549019607843	4063	09:01:00
437608	93.72549019607843	4063	09:01:00
603145	93.72549019607843	4063	09:01:00
34|6
1188	93.72549019607843	4384	15:40:00
4132	93.72549019607843	4384	15:40:00
30125	93.72549019607843	4384	15:40:00
36422	93.72549019607843	4384	15:40:00
421158	93.72549019607843	4384	15:40:00
482854	93.72549019607843	4384	15:40:00
35|6
529098	93.72549019607843	5494	14:35:00
559371	93.72549019607843	5494	15:48:00
237542	93.72549019607843	5494	15:50:00
549463	93.72549019607843	5494	15:50:00
381626	93.72549019607843	5494	16:17:00
407756	93.72549019607843	5494	16:17:00
36|6
571905	93.72549019607843	4001	20:14:00
198370	93.72549019607843	4002	16:25:00
347177	93.72549019607843	4002	16:37:00
27598	93.72549019607843	4002	16:55:00
551806	93.72549019607843	4002	16:56:00
193586	93.72549019607843	4002	17:29:00
37|6
169627	93.72549019607843	5122	13:00:00
130254	93.72549019607843	5122	13:04:00
141393	93.72549019607843	5122	13:04:00
469645	93.72549019607843	5122	14:08:00
84209	93.72549019607843	5122	15:39:00
280641	93.72549019607843	5122	15:46:00
38|6
504528	93.72549019607843	5397	07:55:00
517718	93.72549019607843	5397	07:55:00
532569	93.72549019607843	5397	07:55:00
614243	93.72549019607843	5397	07:55:00
614925	93.72549019607843	5397	07:55:00
622325	93.72549019607843	5397	07:55:00
39|6
614925	93.72549019607843	4316	22:00:00
34525	93.72549019607843	4316	22:31:00
540166	93.72549019607843	4316	22:31:00
327744	93.72549019607843	4316	22:34:00
9986	93.72549019607843	4316	22:38:00
536930	93.72549019607843	4316	22:38:00
40|6
328269	93.72549019607843	4596	07:29:00
195544	93.72549019607843	4596	07:32:00
186013	93.72549019607843	4596	07:35:00
213529	93.72549019607843	4596	07:35:00
257054	93.72549019607843	4596	07:35:00
509660	93.72549019607843	4596	07:40:00
41|6
498148	93.72549019607843	3878	14:36:00
113311	93.72549019607843	3883	01:17:00
571579	93.72549019607843	3972	15:05:00
199025	93.72549019607843	4303	21:08:00
375693	93.72549019607843	4303	21:08:00
591163	93.72549019607843	4303	21:08:00
42|6
134908	93.72549019607843	4596	13:45:00
303711	93.72549019607843	4597	08:56:00
3669	93.72549019607843	4597	09:58:00
458099	93.72549019607843	4598	08:21:00
82555	93.72549019607843	4598	10:13:00
248920	93.72549019607843	4598	10:13:00
43|6
309068	93.72549019607843	4635	00:15:00
328957	93.72549019607843	4635	00:15:00
376863	93.72549019607843	4635	00:15:00
60117	93.72549019607843	4635	00:20:00
409361	93.72549019607843	4635	00:20:00
581975	93.72549019607843	4641	08:55:00
