0|6
550452	94.50980392156862	5229	18:10:00
323933	94.50980392156862	5802	11:05:00
159248	94.50980392156862	5802	11:27:00
554099	94.50980392156862	5815	16:02:00
70896	94.50980392156862	5815	16:26:00
518385	94.50980392156862	5815	16:38:00
1|6
614243	94.50980392156862	5424	15:27:00
616649	94.50980392156862	5424	15:27:00
617646	94.50980392156862	5424	15:27:00
620594	94.50980392156862	5424	15:27:00
622325	94.50980392156862	5424	15:27:00
623778	94.50980392156862	5424	15:27:00
2|6
521716	94.50980392156862	4220	10:26:00
531386	94.50980392156862	4220	10:26:00
534002	94.50980392156862	4220	10:26:00
602548	94.50980392156862	4220	10:26:00
297989	94.50980392156862	5332	13:11:00
532569	94.50980392156862	5332	13:13:00
3|6
266898	94.50980392156862	3811	14:01:00
577089	94.50980392156862	3811	14:07:00
418340	94.50980392156862	3811	14:50:00
489371	94.50980392156862	4387	18:43:00
541471	94.50980392156862	4387	19:16:00
230010	94.50980392156862	4458	14:32:00
4|6
160409	94.50980392156862	4859	11:24:00
309265	94.50980392156862	4866	13:54:00
566574	94.50980392156862	4866	13:54:00
94767	94.50980392156862	4885	13:18:00
617491	94.50980392156862	4893	13:40:00
561044	94.50980392156862	4894	13:41:00
5|6
55372	94.50980392156862	5226	13:41:00
568050	94.50980392156862	5226	13:41:00
614805	94.50980392156862	5226	13:41:00
374622	94.50980392156862	5226	13:42:00
390355	94.50980392156862	5226	13:42:00
600781	94.50980392156862	5226	13:42:00
6|6
34428	94.50980392156862	5092	15:36:00
370386	94.50980392156862	5092	15:36:00
614925	94.50980392156862	5092	15:37:00
248723	94.50980392156862	5092	15:40:00
252962	94.50980392156862	5092	15:40:00
504528	94.50980392156862	5092	15:40:00
7|6
591369	94.50980392156862	6033	19:54:00
28621	94.50980392156862	6033	19:55:00
40189	94.50980392156862	6033	19:55:00
434891	94.50980392156862	6033	19:55:00
80657	94.50980392156862	6033	19:57:00
532790	94.50980392156862	6033	20:00:00
8|6
532569	94.50980392156862	4998	14:28:00
558154	94.50980392156862	4998	14:28:00
569179	94.50980392156862	4998	14:28:00
574204	94.50980392156862	4998	14:28:00
622325	94.50980392156862	4998	14:28:00
213829	94.50980392156862	4998	14:50:00
9|6
531386	94.50980392156862	4607	22:13:00
532569	94.50980392156862	4607	22:13:00
592747	94.50980392156862	4607	22:13:00
602602	94.50980392156862	4607	22:13:00
614925	94.50980392156862	4607	22:13:00
622325	94.50980392156862	4607	22:13:00
10|6
453396	94.50980392156862	3546	10:12:00
587636	94.50980392156862	3546	10:12:00
591461	94.50980392156862	3546	10:12:00
596241	94.50980392156862	3546	10:12:00
612520	94.50980392156862	3546	10:12:00
616649	94.50980392156862	3546	10:12:00
11|6
533053	94.50980392156862	4665	22:26:00
2273	94.50980392156862	4670	19:46:00
117627	94.50980392156862	4670	19:47:00
436796	94.50980392156862	4670	19:48:00
613923	94.50980392156862	4670	19:52:00
359283	94.50980392156862	4670	19:56:00
12|6
275010	94.50980392156862	5070	00:06:00
46030	94.50980392156862	5070	00:17:00
29235	94.50980392156862	5070	00:19:00
498179	94.50980392156862	5070	00:19:00
556541	94.50980392156862	5070	00:19:00
558814	94.50980392156862	5172	14:59:00
13|6
546992	94.50980392156862	4980	00:39:00
567726	94.50980392156862	4980	00:39:00
583090	94.50980392156862	4980	00:39:00
587636	94.50980392156862	4980	00:39:00
616649	94.50980392156862	4980	00:39:00
617646	94.50980392156862	4980	00:39:00
14|6
543905	94.50980392156862	5387	10:21:00
572538	94.50980392156862	5387	10:21:00
28590	94.50980392156862	5391	05:24:00
268594	94.50980392156862	5392	14:37:00
308881	94.50980392156862	5392	14:37:00
334831	94.50980392156862	5392	14:37:00
15|6
281112	94.50980392156862	5712	16:08:00
309256	94.50980392156862	5721	07:15:00
496762	94.50980392156862	5731	09:54:00
614925	94.50980392156862	5735	06:47:00
165824	94.50980392156862	5743	07:40:00
367313	94.50980392156862	5771	08:08:00
16|6
550452	94.50980392156862	5135	20:54:00
56437	94.50980392156862	5137	21:16:00
13379	94.50980392156862	5141	20:35:00
39046	94.50980392156862	5141	20:53:00
405897	94.50980392156862	5156	16:44:00
267723	94.50980392156862	5189	10:04:00
17|6
25205	94.50980392156862	4934	13:12:00
103410	94.50980392156862	4935	22:39:00
624550	94.50980392156862	4935	22:44:00
338242	94.50980392156862	4935	22:48:00
25311	94.50980392156862	4935	22:57:00
47310	94.50980392156862	4935	22:58:00
18|6
359811	94.50980392156862	5886	09:59:00
576535	94.50980392156862	5886	09:59:00
260310	94.50980392156862	5950	23:02:00
49509	94.50980392156862	6161	18:54:00
206975	94.50980392156862	6161	18:54:00
252459	94.50980392156862	6161	19:52:00
19|6
539904	94.50980392156862	4896	12:27:00
548098	94.50980392156862	4896	12:27:00
592747	94.50980392156862	4896	12:27:00
600770	94.50980392156862	4896	12:27:00
608376	94.50980392156862	4896	12:27:00
622325	94.50980392156862	4896	12:27:00
20|6
489371	94.50980392156862	4025	13:01:00
517526	94.50980392156862	4025	13:01:00
538823	94.50980392156862	4025	13:01:00
540934	94.50980392156862	4025	13:01:00
600770	94.50980392156862	4025	13:01:00
607946	94.50980392156862	4025	13:01:00
21|6
116469	94.50980392156862	4477	20:08:00
33730	94.50980392156862	4477	20:11:00
100025	94.50980392156862	4477	20:11:00
95970	94.50980392156862	4477	20:15:00
267723	94.50980392156862	4477	20:15:00
449769	94.50980392156862	4477	20:15:00
22|6
559390	94.50980392156862	4394	19:58:00
152442	94.50980392156862	4394	20:53:00
182003	94.50980392156862	4394	20:53:00
225679	94.50980392156862	4394	20:53:00
41414	94.50980392156862	4394	21:00:00
106447	94.50980392156862	4423	15:53:00
23|6
540166	94.50980392156862	4736	06:24:00
389637	94.50980392156862	4739	03:02:00
44531	94.50980392156862	4797	05:16:00
130559	94.50980392156862	4800	03:17:00
173049	94.50980392156862	4801	01:57:00
48550	94.50980392156862	4892	02:30:00
24|6
459622	94.50980392156862	5029	13:41:00
112126	94.50980392156862	5038	14:19:00
614925	94.50980392156862	5074	10:24:00
489371	94.50980392156862	5092	13:59:00
85222	94.50980392156862	5121	08:19:00
181089	94.50980392156862	5121	09:07:00
25|6
563692	94.50980392156862	3652	23:16:00
582591	94.50980392156862	3652	23:16:00
600770	94.50980392156862	3652	23:16:00
607946	94.50980392156862	3652	23:16:00
274703	94.50980392156862	3652	23:17:00
362307	94.50980392156862	3652	23:19:00
26|6
614243	94.50980392156862	4315	19:25:00
617646	94.50980392156862	4315	19:25:00
622325	94.50980392156862	4315	19:25:00
55629	94.50980392156862	4315	19:32:00
363904	94.50980392156862	4315	19:32:00
373402	94.50980392156862	4315	19:32:00
27|6
169081	94.50980392156862	4637	07:48:00
386683	94.50980392156862	4637	07:48:00
224051	94.50980392156862	4703	06:34:00
436056	94.50980392156862	4800	15:25:00
473055	94.50980392156862	4902	17:21:00
26226	94.50980392156862	4902	17:29:00
28|6
75707	94.50980392156862	6028	02:29:00
397543	94.50980392156862	6028	02:29:00
298685	94.50980392156862	6028	02:32:00
75410	94.50980392156862	6028	02:34:00
567631	94.50980392156862	6028	02:34:00
578903	94.50980392156862	6028	02:39:00
29|6
184754	94.50980392156862	5518	03:54:00
556366	94.50980392156862	5518	03:54:00
238646	94.50980392156862	5518	03:56:00
7876	94.50980392156862	5518	03:57:00
302000	94.50980392156862	5518	03:57:00
569396	94.50980392156862	5619	19:41:00
30|6
267846	94.50980392156862	3630	21:31:00
467178	94.50980392156862	3630	21:31:00
444949	94.50980392156862	4709	13:03:00
489457	94.50980392156862	4709	13:14:00
529957	94.50980392156862	4709	13:16:00
552786	94.50980392156862	4709	13:24:00
31|6
123929	94.50980392156862	5344	20:38:00
98718	94.50980392156862	5352	09:05:00
195434	94.50980392156862	5353	23:27:00
588686	94.50980392156862	5353	23:35:00
604347	94.50980392156862	5370	16:36:00
17497	94.50980392156862	5414	18:31:00
32|6
358441	94.50980392156862	4308	18:24:00
440694	94.50980392156862	4308	18:24:00
577474	94.50980392156862	4308	18:24:00
266281	94.50980392156862	4308	18:25:00
371598	94.50980392156862	4308	18:25:00
564115	94.50980392156862	4308	18:25:00
33|6
75943	94.50980392156862	4063	08:45:00
355155	94.50980392156862	4063	08:53:00
564115	94.50980392156862	4063	08:54:00
364683	94.50980392156862	4063	09:01:00
437608	94.50980392156862	4063	09:01:00
603145	94.50980392156862	4063	09:01:00
34|6
1188	94.50980392156862	4384	15:40:00
4132	94.50980392156862	4384	15:40:00
30125	94.50980392156862	4384	15:40:00
36422	94.50980392156862	4384	15:40:00
421158	94.50980392156862	4384	15:40:00
482854	94.50980392156862	4384	15:40:00
35|6
529098	94.50980392156862	5494	14:35:00
559371	94.50980392156862	5494	15:48:00
237542	94.50980392156862	5494	15:50:00
549463	94.50980392156862	5494	15:50:00
381626	94.50980392156862	5494	16:17:00
407756	94.50980392156862	5494	16:17:00
36|6
571905	94.50980392156862	4001	20:14:00
198370	94.50980392156862	4002	16:25:00
347177	94.50980392156862	4002	16:37:00
27598	94.50980392156862	4002	16:55:00
551806	94.50980392156862	4002	16:56:00
193586	94.50980392156862	4002	17:29:00
37|6
169627	94.50980392156862	5122	13:00:00
130254	94.50980392156862	5122	13:04:00
141393	94.50980392156862	5122	13:04:00
469645	94.50980392156862	5122	14:08:00
84209	94.50980392156862	5122	15:39:00
280641	94.50980392156862	5122	15:46:00
38|6
504528	94.50980392156862	5397	07:55:00
517718	94.50980392156862	5397	07:55:00
532569	94.50980392156862	5397	07:55:00
614243	94.50980392156862	5397	07:55:00
614925	94.50980392156862	5397	07:55:00
622325	94.50980392156862	5397	07:55:00
39|6
614925	94.50980392156862	4316	22:00:00
34525	94.50980392156862	4316	22:31:00
540166	94.50980392156862	4316	22:31:00
327744	94.50980392156862	4316	22:34:00
9986	94.50980392156862	4316	22:38:00
536930	94.50980392156862	4316	22:38:00
40|6
328269	94.50980392156862	4596	07:29:00
195544	94.50980392156862	4596	07:32:00
186013	94.50980392156862	4596	07:35:00
213529	94.50980392156862	4596	07:35:00
257054	94.50980392156862	4596	07:35:00
509660	94.50980392156862	4596	07:40:00
41|6
498148	94.50980392156862	3878	14:36:00
113311	94.50980392156862	3883	01:17:00
571579	94.50980392156862	3972	15:05:00
199025	94.50980392156862	4303	21:08:00
375693	94.50980392156862	4303	21:08:00
591163	94.50980392156862	4303	21:08:00
42|6
134908	94.50980392156862	4596	13:45:00
303711	94.50980392156862	4597	08:56:00
3669	94.50980392156862	4597	09:58:00
458099	94.50980392156862	4598	08:21:00
82555	94.50980392156862	4598	10:13:00
248920	94.50980392156862	4598	10:13:00
43|6
309068	94.50980392156862	4635	00:15:00
328957	94.50980392156862	4635	00:15:00
376863	94.50980392156862	4635	00:15:00
60117	94.50980392156862	4635	00:20:00
409361	94.50980392156862	4635	00:20:00
581975	94.50980392156862	4641	08:55:00
