0|6
550452	95.29411764705881	5229	18:10:00
323933	95.29411764705881	5802	11:05:00
159248	95.29411764705881	5802	11:27:00
554099	95.29411764705881	5815	16:02:00
70896	95.29411764705881	5815	16:26:00
518385	95.29411764705881	5815	16:38:00
1|6
614243	95.29411764705881	5424	15:27:00
616649	95.29411764705881	5424	15:27:00
617646	95.29411764705881	5424	15:27:00
620594	95.29411764705881	5424	15:27:00
622325	95.29411764705881	5424	15:27:00
623778	95.29411764705881	5424	15:27:00
2|6
521716	95.29411764705881	4220	10:26:00
531386	95.29411764705881	4220	10:26:00
534002	95.29411764705881	4220	10:26:00
602548	95.29411764705881	4220	10:26:00
297989	95.29411764705881	5332	13:11:00
532569	95.29411764705881	5332	13:13:00
3|6
266898	95.29411764705881	3811	14:01:00
577089	95.29411764705881	3811	14:07:00
418340	95.29411764705881	3811	14:50:00
489371	95.29411764705881	4387	18:43:00
541471	95.29411764705881	4387	19:16:00
230010	95.29411764705881	4458	14:32:00
4|6
160409	95.29411764705881	4859	11:24:00
309265	95.29411764705881	4866	13:54:00
566574	95.29411764705881	4866	13:54:00
94767	95.29411764705881	4885	13:18:00
617491	95.29411764705881	4893	13:40:00
561044	95.29411764705881	4894	13:41:00
5|6
55372	95.29411764705881	5226	13:41:00
568050	95.29411764705881	5226	13:41:00
614805	95.29411764705881	5226	13:41:00
374622	95.29411764705881	5226	13:42:00
390355	95.29411764705881	5226	13:42:00
600781	95.29411764705881	5226	13:42:00
6|6
34428	95.29411764705881	5092	15:36:00
370386	95.29411764705881	5092	15:36:00
614925	95.29411764705881	5092	15:37:00
248723	95.29411764705881	5092	15:40:00
252962	95.29411764705881	5092	15:40:00
504528	95.29411764705881	5092	15:40:00
7|6
591369	95.29411764705881	6033	19:54:00
28621	95.29411764705881	6033	19:55:00
40189	95.29411764705881	6033	19:55:00
434891	95.29411764705881	6033	19:55:00
80657	95.29411764705881	6033	19:57:00
532790	95.29411764705881	6033	20:00:00
8|6
532569	95.29411764705881	4998	14:28:00
558154	95.29411764705881	4998	14:28:00
569179	95.29411764705881	4998	14:28:00
574204	95.29411764705881	4998	14:28:00
622325	95.29411764705881	4998	14:28:00
213829	95.29411764705881	4998	14:50:00
9|6
531386	95.29411764705881	4607	22:13:00
532569	95.29411764705881	4607	22:13:00
592747	95.29411764705881	4607	22:13:00
602602	95.29411764705881	4607	22:13:00
614925	95.29411764705881	4607	22:13:00
622325	95.29411764705881	4607	22:13:00
10|6
453396	95.29411764705881	3546	10:12:00
587636	95.29411764705881	3546	10:12:00
591461	95.29411764705881	3546	10:12:00
596241	95.29411764705881	3546	10:12:00
612520	95.29411764705881	3546	10:12:00
616649	95.29411764705881	3546	10:12:00
11|6
533053	95.29411764705881	4665	22:26:00
2273	95.29411764705881	4670	19:46:00
117627	95.29411764705881	4670	19:47:00
436796	95.29411764705881	4670	19:48:00
613923	95.29411764705881	4670	19:52:00
359283	95.29411764705881	4670	19:56:00
12|6
275010	95.29411764705881	5070	00:06:00
46030	95.29411764705881	5070	00:17:00
29235	95.29411764705881	5070	00:19:00
498179	95.29411764705881	5070	00:19:00
556541	95.29411764705881	5070	00:19:00
558814	95.29411764705881	5172	14:59:00
13|6
546992	95.29411764705881	4980	00:39:00
567726	95.29411764705881	4980	00:39:00
583090	95.29411764705881	4980	00:39:00
587636	95.29411764705881	4980	00:39:00
616649	95.29411764705881	4980	00:39:00
617646	95.29411764705881	4980	00:39:00
14|6
543905	95.29411764705881	5387	10:21:00
572538	95.29411764705881	5387	10:21:00
28590	95.29411764705881	5391	05:24:00
268594	95.29411764705881	5392	14:37:00
308881	95.29411764705881	5392	14:37:00
334831	95.29411764705881	5392	14:37:00
15|6
281112	95.29411764705881	5712	16:08:00
309256	95.29411764705881	5721	07:15:00
496762	95.29411764705881	5731	09:54:00
614925	95.29411764705881	5735	06:47:00
165824	95.29411764705881	5743	07:40:00
367313	95.29411764705881	5771	08:08:00
16|6
550452	95.29411764705881	5135	20:54:00
56437	95.29411764705881	5137	21:16:00
13379	95.29411764705881	5141	20:35:00
39046	95.29411764705881	5141	20:53:00
405897	95.29411764705881	5156	16:44:00
267723	95.29411764705881	5189	10:04:00
17|6
25205	95.29411764705881	4934	13:12:00
103410	95.29411764705881	4935	22:39:00
624550	95.29411764705881	4935	22:44:00
338242	95.29411764705881	4935	22:48:00
25311	95.29411764705881	4935	22:57:00
47310	95.29411764705881	4935	22:58:00
18|6
359811	95.29411764705881	5886	09:59:00
576535	95.29411764705881	5886	09:59:00
260310	95.29411764705881	5950	23:02:00
49509	95.29411764705881	6161	18:54:00
206975	95.29411764705881	6161	18:54:00
252459	95.29411764705881	6161	19:52:00
19|6
539904	95.29411764705881	4896	12:27:00
548098	95.29411764705881	4896	12:27:00
592747	95.29411764705881	4896	12:27:00
600770	95.29411764705881	4896	12:27:00
608376	95.29411764705881	4896	12:27:00
622325	95.29411764705881	4896	12:27:00
20|6
489371	95.29411764705881	4025	13:01:00
517526	95.29411764705881	4025	13:01:00
538823	95.29411764705881	4025	13:01:00
540934	95.29411764705881	4025	13:01:00
600770	95.29411764705881	4025	13:01:00
607946	95.29411764705881	4025	13:01:00
21|6
116469	95.29411764705881	4477	20:08:00
33730	95.29411764705881	4477	20:11:00
100025	95.29411764705881	4477	20:11:00
95970	95.29411764705881	4477	20:15:00
267723	95.29411764705881	4477	20:15:00
449769	95.29411764705881	4477	20:15:00
22|6
559390	95.29411764705881	4394	19:58:00
152442	95.29411764705881	4394	20:53:00
182003	95.29411764705881	4394	20:53:00
225679	95.29411764705881	4394	20:53:00
41414	95.29411764705881	4394	21:00:00
106447	95.29411764705881	4423	15:53:00
23|6
540166	95.29411764705881	4736	06:24:00
389637	95.29411764705881	4739	03:02:00
44531	95.29411764705881	4797	05:16:00
130559	95.29411764705881	4800	03:17:00
173049	95.29411764705881	4801	01:57:00
48550	95.29411764705881	4892	02:30:00
24|6
459622	95.29411764705881	5029	13:41:00
112126	95.29411764705881	5038	14:19:00
614925	95.29411764705881	5074	10:24:00
489371	95.29411764705881	5092	13:59:00
85222	95.29411764705881	5121	08:19:00
181089	95.29411764705881	5121	09:07:00
25|6
563692	95.29411764705881	3652	23:16:00
582591	95.29411764705881	3652	23:16:00
600770	95.29411764705881	3652	23:16:00
607946	95.29411764705881	3652	23:16:00
274703	95.29411764705881	3652	23:17:00
362307	95.29411764705881	3652	23:19:00
26|6
614243	95.29411764705881	4315	19:25:00
617646	95.29411764705881	4315	19:25:00
622325	95.29411764705881	4315	19:25:00
55629	95.29411764705881	4315	19:32:00
363904	95.29411764705881	4315	19:32:00
373402	95.29411764705881	4315	19:32:00
27|6
169081	95.29411764705881	4637	07:48:00
386683	95.29411764705881	4637	07:48:00
224051	95.29411764705881	4703	06:34:00
436056	95.29411764705881	4800	15:25:00
473055	95.29411764705881	4902	17:21:00
26226	95.29411764705881	4902	17:29:00
28|6
75707	95.29411764705881	6028	02:29:00
397543	95.29411764705881	6028	02:29:00
298685	95.29411764705881	6028	02:32:00
75410	95.29411764705881	6028	02:34:00
567631	95.29411764705881	6028	02:34:00
578903	95.29411764705881	6028	02:39:00
29|6
184754	95.29411764705881	5518	03:54:00
556366	95.29411764705881	5518	03:54:00
238646	95.29411764705881	5518	03:56:00
7876	95.29411764705881	5518	03:57:00
302000	95.29411764705881	5518	03:57:00
569396	95.29411764705881	5619	19:41:00
30|6
267846	95.29411764705881	3630	21:31:00
467178	95.29411764705881	3630	21:31:00
444949	95.29411764705881	4709	13:03:00
489457	95.29411764705881	4709	13:14:00
529957	95.29411764705881	4709	13:16:00
552786	95.29411764705881	4709	13:24:00
31|6
123929	95.29411764705881	5344	20:38:00
98718	95.29411764705881	5352	09:05:00
195434	95.29411764705881	5353	23:27:00
588686	95.29411764705881	5353	23:35:00
604347	95.29411764705881	5370	16:36:00
17497	95.29411764705881	5414	18:31:00
32|6
358441	95.29411764705881	4308	18:24:00
440694	95.29411764705881	4308	18:24:00
577474	95.29411764705881	4308	18:24:00
266281	95.29411764705881	4308	18:25:00
371598	95.29411764705881	4308	18:25:00
564115	95.29411764705881	4308	18:25:00
33|6
75943	95.29411764705881	4063	08:45:00
355155	95.29411764705881	4063	08:53:00
564115	95.29411764705881	4063	08:54:00
364683	95.29411764705881	4063	09:01:00
437608	95.29411764705881	4063	09:01:00
603145	95.29411764705881	4063	09:01:00
34|6
1188	95.29411764705881	4384	15:40:00
4132	95.29411764705881	4384	15:40:00
30125	95.29411764705881	4384	15:40:00
36422	95.29411764705881	4384	15:40:00
421158	95.29411764705881	4384	15:40:00
482854	95.29411764705881	4384	15:40:00
35|6
529098	95.29411764705881	5494	14:35:00
559371	95.29411764705881	5494	15:48:00
237542	95.29411764705881	5494	15:50:00
549463	95.29411764705881	5494	15:50:00
381626	95.29411764705881	5494	16:17:00
407756	95.29411764705881	5494	16:17:00
36|6
571905	95.29411764705881	4001	20:14:00
198370	95.29411764705881	4002	16:25:00
347177	95.29411764705881	4002	16:37:00
27598	95.29411764705881	4002	16:55:00
551806	95.29411764705881	4002	16:56:00
193586	95.29411764705881	4002	17:29:00
37|6
169627	95.29411764705881	5122	13:00:00
130254	95.29411764705881	5122	13:04:00
141393	95.29411764705881	5122	13:04:00
469645	95.29411764705881	5122	14:08:00
84209	95.29411764705881	5122	15:39:00
280641	95.29411764705881	5122	15:46:00
38|6
504528	95.29411764705881	5397	07:55:00
517718	95.29411764705881	5397	07:55:00
532569	95.29411764705881	5397	07:55:00
614243	95.29411764705881	5397	07:55:00
614925	95.29411764705881	5397	07:55:00
622325	95.29411764705881	5397	07:55:00
39|6
614925	95.29411764705881	4316	22:00:00
34525	95.29411764705881	4316	22:31:00
540166	95.29411764705881	4316	22:31:00
327744	95.29411764705881	4316	22:34:00
9986	95.29411764705881	4316	22:38:00
536930	95.29411764705881	4316	22:38:00
40|6
328269	95.29411764705881	4596	07:29:00
195544	95.29411764705881	4596	07:32:00
186013	95.29411764705881	4596	07:35:00
213529	95.29411764705881	4596	07:35:00
257054	95.29411764705881	4596	07:35:00
509660	95.29411764705881	4596	07:40:00
41|6
498148	95.29411764705881	3878	14:36:00
113311	95.29411764705881	3883	01:17:00
571579	95.29411764705881	3972	15:05:00
199025	95.29411764705881	4303	21:08:00
375693	95.29411764705881	4303	21:08:00
591163	95.29411764705881	4303	21:08:00
42|6
134908	95.29411764705881	4596	13:45:00
303711	95.29411764705881	4597	08:56:00
3669	95.29411764705881	4597	09:58:00
458099	95.29411764705881	4598	08:21:00
82555	95.29411764705881	4598	10:13:00
248920	95.29411764705881	4598	10:13:00
43|6
309068	95.29411764705881	4635	00:15:00
328957	95.29411764705881	4635	00:15:00
376863	95.29411764705881	4635	00:15:00
60117	95.29411764705881	4635	00:20:00
409361	95.29411764705881	4635	00:20:00
581975	95.29411764705881	4641	08:55:00
