0|6
550452	97.25490196078431	5229	18:10:00
323933	97.25490196078431	5802	11:05:00
159248	97.25490196078431	5802	11:27:00
554099	97.25490196078431	5815	16:02:00
70896	97.25490196078431	5815	16:26:00
518385	97.25490196078431	5815	16:38:00
1|6
614243	97.25490196078431	5424	15:27:00
616649	97.25490196078431	5424	15:27:00
617646	97.25490196078431	5424	15:27:00
620594	97.25490196078431	5424	15:27:00
622325	97.25490196078431	5424	15:27:00
623778	97.25490196078431	5424	15:27:00
2|6
521716	97.25490196078431	4220	10:26:00
531386	97.25490196078431	4220	10:26:00
534002	97.25490196078431	4220	10:26:00
602548	97.25490196078431	4220	10:26:00
297989	97.25490196078431	5332	13:11:00
532569	97.25490196078431	5332	13:13:00
3|6
266898	97.25490196078431	3811	14:01:00
577089	97.25490196078431	3811	14:07:00
418340	97.25490196078431	3811	14:50:00
489371	97.25490196078431	4387	18:43:00
541471	97.25490196078431	4387	19:16:00
230010	97.25490196078431	4458	14:32:00
4|6
160409	97.25490196078431	4859	11:24:00
309265	97.25490196078431	4866	13:54:00
566574	97.25490196078431	4866	13:54:00
94767	97.25490196078431	4885	13:18:00
617491	97.25490196078431	4893	13:40:00
561044	97.25490196078431	4894	13:41:00
5|6
55372	97.25490196078431	5226	13:41:00
568050	97.25490196078431	5226	13:41:00
614805	97.25490196078431	5226	13:41:00
374622	97.25490196078431	5226	13:42:00
390355	97.25490196078431	5226	13:42:00
600781	97.25490196078431	5226	13:42:00
6|6
34428	97.25490196078431	5092	15:36:00
370386	97.25490196078431	5092	15:36:00
614925	97.25490196078431	5092	15:37:00
248723	97.25490196078431	5092	15:40:00
252962	97.25490196078431	5092	15:40:00
504528	97.25490196078431	5092	15:40:00
7|6
591369	97.25490196078431	6033	19:54:00
28621	97.25490196078431	6033	19:55:00
40189	97.25490196078431	6033	19:55:00
434891	97.25490196078431	6033	19:55:00
80657	97.25490196078431	6033	19:57:00
532790	97.25490196078431	6033	20:00:00
8|6
532569	97.25490196078431	4998	14:28:00
558154	97.25490196078431	4998	14:28:00
569179	97.25490196078431	4998	14:28:00
574204	97.25490196078431	4998	14:28:00
622325	97.25490196078431	4998	14:28:00
213829	97.25490196078431	4998	14:50:00
9|6
531386	97.25490196078431	4607	22:13:00
532569	97.25490196078431	4607	22:13:00
592747	97.25490196078431	4607	22:13:00
602602	97.25490196078431	4607	22:13:00
614925	97.25490196078431	4607	22:13:00
622325	97.25490196078431	4607	22:13:00
10|6
453396	97.25490196078431	3546	10:12:00
587636	97.25490196078431	3546	10:12:00
591461	97.25490196078431	3546	10:12:00
596241	97.25490196078431	3546	10:12:00
612520	97.25490196078431	3546	10:12:00
616649	97.25490196078431	3546	10:12:00
11|6
533053	97.25490196078431	4665	22:26:00
2273	97.25490196078431	4670	19:46:00
117627	97.25490196078431	4670	19:47:00
436796	97.25490196078431	4670	19:48:00
613923	97.25490196078431	4670	19:52:00
359283	97.25490196078431	4670	19:56:00
12|6
275010	97.25490196078431	5070	00:06:00
46030	97.25490196078431	5070	00:17:00
29235	97.25490196078431	5070	00:19:00
498179	97.25490196078431	5070	00:19:00
556541	97.25490196078431	5070	00:19:00
558814	97.25490196078431	5172	14:59:00
13|6
546992	97.25490196078431	4980	00:39:00
567726	97.25490196078431	4980	00:39:00
583090	97.25490196078431	4980	00:39:00
587636	97.25490196078431	4980	00:39:00
616649	97.25490196078431	4980	00:39:00
617646	97.25490196078431	4980	00:39:00
14|6
543905	97.25490196078431	5387	10:21:00
572538	97.25490196078431	5387	10:21:00
28590	97.25490196078431	5391	05:24:00
268594	97.25490196078431	5392	14:37:00
308881	97.25490196078431	5392	14:37:00
334831	97.25490196078431	5392	14:37:00
15|6
281112	97.25490196078431	5712	16:08:00
309256	97.25490196078431	5721	07:15:00
496762	97.25490196078431	5731	09:54:00
614925	97.25490196078431	5735	06:47:00
165824	97.25490196078431	5743	07:40:00
367313	97.25490196078431	5771	08:08:00
16|6
550452	97.25490196078431	5135	20:54:00
56437	97.25490196078431	5137	21:16:00
13379	97.25490196078431	5141	20:35:00
39046	97.25490196078431	5141	20:53:00
405897	97.25490196078431	5156	16:44:00
267723	97.25490196078431	5189	10:04:00
17|6
25205	97.25490196078431	4934	13:12:00
103410	97.25490196078431	4935	22:39:00
624550	97.25490196078431	4935	22:44:00
338242	97.25490196078431	4935	22:48:00
25311	97.25490196078431	4935	22:57:00
47310	97.25490196078431	4935	22:58:00
18|6
359811	97.25490196078431	5886	09:59:00
576535	97.25490196078431	5886	09:59:00
260310	97.25490196078431	5950	23:02:00
49509	97.25490196078431	6161	18:54:00
206975	97.25490196078431	6161	18:54:00
252459	97.25490196078431	6161	19:52:00
19|6
539904	97.25490196078431	4896	12:27:00
548098	97.25490196078431	4896	12:27:00
592747	97.25490196078431	4896	12:27:00
600770	97.25490196078431	4896	12:27:00
608376	97.25490196078431	4896	12:27:00
622325	97.25490196078431	4896	12:27:00
20|6
489371	97.25490196078431	4025	13:01:00
517526	97.25490196078431	4025	13:01:00
538823	97.25490196078431	4025	13:01:00
540934	97.25490196078431	4025	13:01:00
600770	97.25490196078431	4025	13:01:00
607946	97.25490196078431	4025	13:01:00
21|6
116469	97.25490196078431	4477	20:08:00
33730	97.25490196078431	4477	20:11:00
100025	97.25490196078431	4477	20:11:00
95970	97.25490196078431	4477	20:15:00
267723	97.25490196078431	4477	20:15:00
449769	97.25490196078431	4477	20:15:00
22|6
559390	97.25490196078431	4394	19:58:00
152442	97.25490196078431	4394	20:53:00
182003	97.25490196078431	4394	20:53:00
225679	97.25490196078431	4394	20:53:00
41414	97.25490196078431	4394	21:00:00
106447	97.25490196078431	4423	15:53:00
23|6
540166	97.25490196078431	4736	06:24:00
389637	97.25490196078431	4739	03:02:00
44531	97.25490196078431	4797	05:16:00
130559	97.25490196078431	4800	03:17:00
173049	97.25490196078431	4801	01:57:00
48550	97.25490196078431	4892	02:30:00
24|6
459622	97.25490196078431	5029	13:41:00
112126	97.25490196078431	5038	14:19:00
614925	97.25490196078431	5074	10:24:00
489371	97.25490196078431	5092	13:59:00
85222	97.25490196078431	5121	08:19:00
181089	97.25490196078431	5121	09:07:00
25|6
563692	97.25490196078431	3652	23:16:00
582591	97.25490196078431	3652	23:16:00
600770	97.25490196078431	3652	23:16:00
607946	97.25490196078431	3652	23:16:00
274703	97.25490196078431	3652	23:17:00
362307	97.25490196078431	3652	23:19:00
26|6
614243	97.25490196078431	4315	19:25:00
617646	97.25490196078431	4315	19:25:00
622325	97.25490196078431	4315	19:25:00
55629	97.25490196078431	4315	19:32:00
363904	97.25490196078431	4315	19:32:00
373402	97.25490196078431	4315	19:32:00
27|6
169081	97.25490196078431	4637	07:48:00
386683	97.25490196078431	4637	07:48:00
224051	97.25490196078431	4703	06:34:00
436056	97.25490196078431	4800	15:25:00
473055	97.25490196078431	4902	17:21:00
26226	97.25490196078431	4902	17:29:00
28|6
75707	97.25490196078431	6028	02:29:00
397543	97.25490196078431	6028	02:29:00
298685	97.25490196078431	6028	02:32:00
75410	97.25490196078431	6028	02:34:00
567631	97.25490196078431	6028	02:34:00
578903	97.25490196078431	6028	02:39:00
29|6
184754	97.25490196078431	5518	03:54:00
556366	97.25490196078431	5518	03:54:00
238646	97.25490196078431	5518	03:56:00
7876	97.25490196078431	5518	03:57:00
302000	97.25490196078431	5518	03:57:00
569396	97.25490196078431	5619	19:41:00
30|6
267846	97.25490196078431	3630	21:31:00
467178	97.25490196078431	3630	21:31:00
444949	97.25490196078431	4709	13:03:00
489457	97.25490196078431	4709	13:14:00
529957	97.25490196078431	4709	13:16:00
552786	97.25490196078431	4709	13:24:00
31|6
123929	97.25490196078431	5344	20:38:00
98718	97.25490196078431	5352	09:05:00
195434	97.25490196078431	5353	23:27:00
588686	97.25490196078431	5353	23:35:00
604347	97.25490196078431	5370	16:36:00
17497	97.25490196078431	5414	18:31:00
32|6
358441	97.25490196078431	4308	18:24:00
440694	97.25490196078431	4308	18:24:00
577474	97.25490196078431	4308	18:24:00
266281	97.25490196078431	4308	18:25:00
371598	97.25490196078431	4308	18:25:00
564115	97.25490196078431	4308	18:25:00
33|6
75943	97.25490196078431	4063	08:45:00
355155	97.25490196078431	4063	08:53:00
564115	97.25490196078431	4063	08:54:00
364683	97.25490196078431	4063	09:01:00
437608	97.25490196078431	4063	09:01:00
603145	97.25490196078431	4063	09:01:00
34|6
1188	97.25490196078431	4384	15:40:00
4132	97.25490196078431	4384	15:40:00
30125	97.25490196078431	4384	15:40:00
36422	97.25490196078431	4384	15:40:00
421158	97.25490196078431	4384	15:40:00
482854	97.25490196078431	4384	15:40:00
35|6
529098	97.25490196078431	5494	14:35:00
559371	97.25490196078431	5494	15:48:00
237542	97.25490196078431	5494	15:50:00
549463	97.25490196078431	5494	15:50:00
381626	97.25490196078431	5494	16:17:00
407756	97.25490196078431	5494	16:17:00
36|6
571905	97.25490196078431	4001	20:14:00
198370	97.25490196078431	4002	16:25:00
347177	97.25490196078431	4002	16:37:00
27598	97.25490196078431	4002	16:55:00
551806	97.25490196078431	4002	16:56:00
193586	97.25490196078431	4002	17:29:00
37|6
169627	97.25490196078431	5122	13:00:00
130254	97.25490196078431	5122	13:04:00
141393	97.25490196078431	5122	13:04:00
469645	97.25490196078431	5122	14:08:00
84209	97.25490196078431	5122	15:39:00
280641	97.25490196078431	5122	15:46:00
38|6
504528	97.25490196078431	5397	07:55:00
517718	97.25490196078431	5397	07:55:00
532569	97.25490196078431	5397	07:55:00
614243	97.25490196078431	5397	07:55:00
614925	97.25490196078431	5397	07:55:00
622325	97.25490196078431	5397	07:55:00
39|6
614925	97.25490196078431	4316	22:00:00
34525	97.25490196078431	4316	22:31:00
540166	97.25490196078431	4316	22:31:00
327744	97.25490196078431	4316	22:34:00
9986	97.25490196078431	4316	22:38:00
536930	97.25490196078431	4316	22:38:00
40|6
328269	97.25490196078431	4596	07:29:00
195544	97.25490196078431	4596	07:32:00
186013	97.25490196078431	4596	07:35:00
213529	97.25490196078431	4596	07:35:00
257054	97.25490196078431	4596	07:35:00
509660	97.25490196078431	4596	07:40:00
41|6
498148	97.25490196078431	3878	14:36:00
113311	97.25490196078431	3883	01:17:00
571579	97.25490196078431	3972	15:05:00
199025	97.25490196078431	4303	21:08:00
375693	97.25490196078431	4303	21:08:00
591163	97.25490196078431	4303	21:08:00
42|6
134908	97.25490196078431	4596	13:45:00
303711	97.25490196078431	4597	08:56:00
3669	97.25490196078431	4597	09:58:00
458099	97.25490196078431	4598	08:21:00
82555	97.25490196078431	4598	10:13:00
248920	97.25490196078431	4598	10:13:00
43|6
309068	97.25490196078431	4635	00:15:00
328957	97.25490196078431	4635	00:15:00
376863	97.25490196078431	4635	00:15:00
60117	97.25490196078431	4635	00:20:00
409361	97.25490196078431	4635	00:20:00
581975	97.25490196078431	4641	08:55:00
