0|6
550452	9.803921568627452	5229	18:10:00
323933	9.803921568627452	5802	11:05:00
159248	9.803921568627452	5802	11:27:00
554099	9.803921568627452	5815	16:02:00
70896	9.803921568627452	5815	16:26:00
518385	9.803921568627452	5815	16:38:00
1|6
614243	9.803921568627452	5424	15:27:00
616649	9.803921568627452	5424	15:27:00
617646	9.803921568627452	5424	15:27:00
620594	9.803921568627452	5424	15:27:00
622325	9.803921568627452	5424	15:27:00
623778	9.803921568627452	5424	15:27:00
2|6
521716	9.803921568627452	4220	10:26:00
531386	9.803921568627452	4220	10:26:00
534002	9.803921568627452	4220	10:26:00
602548	9.803921568627452	4220	10:26:00
297989	9.803921568627452	5332	13:11:00
532569	9.803921568627452	5332	13:13:00
3|6
266898	9.803921568627452	3811	14:01:00
577089	9.803921568627452	3811	14:07:00
418340	9.803921568627452	3811	14:50:00
489371	9.803921568627452	4387	18:43:00
541471	9.803921568627452	4387	19:16:00
230010	9.803921568627452	4458	14:32:00
4|6
160409	9.803921568627452	4859	11:24:00
309265	9.803921568627452	4866	13:54:00
566574	9.803921568627452	4866	13:54:00
94767	9.803921568627452	4885	13:18:00
617491	9.803921568627452	4893	13:40:00
561044	9.803921568627452	4894	13:41:00
5|6
55372	9.803921568627452	5226	13:41:00
568050	9.803921568627452	5226	13:41:00
614805	9.803921568627452	5226	13:41:00
374622	9.803921568627452	5226	13:42:00
390355	9.803921568627452	5226	13:42:00
600781	9.803921568627452	5226	13:42:00
6|6
34428	9.803921568627452	5092	15:36:00
370386	9.803921568627452	5092	15:36:00
614925	9.803921568627452	5092	15:37:00
248723	9.803921568627452	5092	15:40:00
252962	9.803921568627452	5092	15:40:00
504528	9.803921568627452	5092	15:40:00
7|6
591369	9.803921568627452	6033	19:54:00
28621	9.803921568627452	6033	19:55:00
40189	9.803921568627452	6033	19:55:00
434891	9.803921568627452	6033	19:55:00
80657	9.803921568627452	6033	19:57:00
532790	9.803921568627452	6033	20:00:00
8|6
532569	9.803921568627452	4998	14:28:00
558154	9.803921568627452	4998	14:28:00
569179	9.803921568627452	4998	14:28:00
574204	9.803921568627452	4998	14:28:00
622325	9.803921568627452	4998	14:28:00
213829	9.803921568627452	4998	14:50:00
9|6
531386	9.803921568627452	4607	22:13:00
532569	9.803921568627452	4607	22:13:00
592747	9.803921568627452	4607	22:13:00
602602	9.803921568627452	4607	22:13:00
614925	9.803921568627452	4607	22:13:00
622325	9.803921568627452	4607	22:13:00
10|6
453396	9.803921568627452	3546	10:12:00
587636	9.803921568627452	3546	10:12:00
591461	9.803921568627452	3546	10:12:00
596241	9.803921568627452	3546	10:12:00
612520	9.803921568627452	3546	10:12:00
616649	9.803921568627452	3546	10:12:00
11|6
533053	9.803921568627452	4665	22:26:00
2273	9.803921568627452	4670	19:46:00
117627	9.803921568627452	4670	19:47:00
436796	9.803921568627452	4670	19:48:00
613923	9.803921568627452	4670	19:52:00
359283	9.803921568627452	4670	19:56:00
12|6
275010	9.803921568627452	5070	00:06:00
46030	9.803921568627452	5070	00:17:00
29235	9.803921568627452	5070	00:19:00
498179	9.803921568627452	5070	00:19:00
556541	9.803921568627452	5070	00:19:00
558814	9.803921568627452	5172	14:59:00
13|6
546992	9.803921568627452	4980	00:39:00
567726	9.803921568627452	4980	00:39:00
583090	9.803921568627452	4980	00:39:00
587636	9.803921568627452	4980	00:39:00
616649	9.803921568627452	4980	00:39:00
617646	9.803921568627452	4980	00:39:00
14|6
543905	9.803921568627452	5387	10:21:00
572538	9.803921568627452	5387	10:21:00
28590	9.803921568627452	5391	05:24:00
268594	9.803921568627452	5392	14:37:00
308881	9.803921568627452	5392	14:37:00
334831	9.803921568627452	5392	14:37:00
15|6
281112	9.803921568627452	5712	16:08:00
309256	9.803921568627452	5721	07:15:00
496762	9.803921568627452	5731	09:54:00
614925	9.803921568627452	5735	06:47:00
165824	9.803921568627452	5743	07:40:00
367313	9.803921568627452	5771	08:08:00
16|6
550452	9.803921568627452	5135	20:54:00
56437	9.803921568627452	5137	21:16:00
13379	9.803921568627452	5141	20:35:00
39046	9.803921568627452	5141	20:53:00
405897	9.803921568627452	5156	16:44:00
267723	9.803921568627452	5189	10:04:00
17|6
25205	9.803921568627452	4934	13:12:00
103410	9.803921568627452	4935	22:39:00
624550	9.803921568627452	4935	22:44:00
338242	9.803921568627452	4935	22:48:00
25311	9.803921568627452	4935	22:57:00
47310	9.803921568627452	4935	22:58:00
18|6
359811	9.803921568627452	5886	09:59:00
576535	9.803921568627452	5886	09:59:00
260310	9.803921568627452	5950	23:02:00
49509	9.803921568627452	6161	18:54:00
206975	9.803921568627452	6161	18:54:00
252459	9.803921568627452	6161	19:52:00
19|6
539904	9.803921568627452	4896	12:27:00
548098	9.803921568627452	4896	12:27:00
592747	9.803921568627452	4896	12:27:00
600770	9.803921568627452	4896	12:27:00
608376	9.803921568627452	4896	12:27:00
622325	9.803921568627452	4896	12:27:00
20|6
489371	9.803921568627452	4025	13:01:00
517526	9.803921568627452	4025	13:01:00
538823	9.803921568627452	4025	13:01:00
540934	9.803921568627452	4025	13:01:00
600770	9.803921568627452	4025	13:01:00
607946	9.803921568627452	4025	13:01:00
21|6
116469	9.803921568627452	4477	20:08:00
33730	9.803921568627452	4477	20:11:00
100025	9.803921568627452	4477	20:11:00
95970	9.803921568627452	4477	20:15:00
267723	9.803921568627452	4477	20:15:00
449769	9.803921568627452	4477	20:15:00
22|6
559390	9.803921568627452	4394	19:58:00
152442	9.803921568627452	4394	20:53:00
182003	9.803921568627452	4394	20:53:00
225679	9.803921568627452	4394	20:53:00
41414	9.803921568627452	4394	21:00:00
106447	9.803921568627452	4423	15:53:00
23|6
540166	9.803921568627452	4736	06:24:00
389637	9.803921568627452	4739	03:02:00
44531	9.803921568627452	4797	05:16:00
130559	9.803921568627452	4800	03:17:00
173049	9.803921568627452	4801	01:57:00
48550	9.803921568627452	4892	02:30:00
24|6
459622	9.803921568627452	5029	13:41:00
112126	9.803921568627452	5038	14:19:00
614925	9.803921568627452	5074	10:24:00
489371	9.803921568627452	5092	13:59:00
85222	9.803921568627452	5121	08:19:00
181089	9.803921568627452	5121	09:07:00
25|6
563692	9.803921568627452	3652	23:16:00
582591	9.803921568627452	3652	23:16:00
600770	9.803921568627452	3652	23:16:00
607946	9.803921568627452	3652	23:16:00
274703	9.803921568627452	3652	23:17:00
362307	9.803921568627452	3652	23:19:00
26|6
614243	9.803921568627452	4315	19:25:00
617646	9.803921568627452	4315	19:25:00
622325	9.803921568627452	4315	19:25:00
55629	9.803921568627452	4315	19:32:00
363904	9.803921568627452	4315	19:32:00
373402	9.803921568627452	4315	19:32:00
27|6
169081	9.803921568627452	4637	07:48:00
386683	9.803921568627452	4637	07:48:00
224051	9.803921568627452	4703	06:34:00
436056	9.803921568627452	4800	15:25:00
473055	9.803921568627452	4902	17:21:00
26226	9.803921568627452	4902	17:29:00
28|6
75707	9.803921568627452	6028	02:29:00
397543	9.803921568627452	6028	02:29:00
298685	9.803921568627452	6028	02:32:00
75410	9.803921568627452	6028	02:34:00
567631	9.803921568627452	6028	02:34:00
578903	9.803921568627452	6028	02:39:00
29|6
184754	9.803921568627452	5518	03:54:00
556366	9.803921568627452	5518	03:54:00
238646	9.803921568627452	5518	03:56:00
7876	9.803921568627452	5518	03:57:00
302000	9.803921568627452	5518	03:57:00
569396	9.803921568627452	5619	19:41:00
30|6
267846	9.803921568627452	3630	21:31:00
467178	9.803921568627452	3630	21:31:00
444949	9.803921568627452	4709	13:03:00
489457	9.803921568627452	4709	13:14:00
529957	9.803921568627452	4709	13:16:00
552786	9.803921568627452	4709	13:24:00
31|6
123929	9.803921568627452	5344	20:38:00
98718	9.803921568627452	5352	09:05:00
195434	9.803921568627452	5353	23:27:00
588686	9.803921568627452	5353	23:35:00
604347	9.803921568627452	5370	16:36:00
17497	9.803921568627452	5414	18:31:00
32|6
358441	9.803921568627452	4308	18:24:00
440694	9.803921568627452	4308	18:24:00
577474	9.803921568627452	4308	18:24:00
266281	9.803921568627452	4308	18:25:00
371598	9.803921568627452	4308	18:25:00
564115	9.803921568627452	4308	18:25:00
33|6
75943	9.803921568627452	4063	08:45:00
355155	9.803921568627452	4063	08:53:00
564115	9.803921568627452	4063	08:54:00
364683	9.803921568627452	4063	09:01:00
437608	9.803921568627452	4063	09:01:00
603145	9.803921568627452	4063	09:01:00
34|6
1188	9.803921568627452	4384	15:40:00
4132	9.803921568627452	4384	15:40:00
30125	9.803921568627452	4384	15:40:00
36422	9.803921568627452	4384	15:40:00
421158	9.803921568627452	4384	15:40:00
482854	9.803921568627452	4384	15:40:00
35|6
529098	9.803921568627452	5494	14:35:00
559371	9.803921568627452	5494	15:48:00
237542	9.803921568627452	5494	15:50:00
549463	9.803921568627452	5494	15:50:00
381626	9.803921568627452	5494	16:17:00
407756	9.803921568627452	5494	16:17:00
36|6
571905	9.803921568627452	4001	20:14:00
198370	9.803921568627452	4002	16:25:00
347177	9.803921568627452	4002	16:37:00
27598	9.803921568627452	4002	16:55:00
551806	9.803921568627452	4002	16:56:00
193586	9.803921568627452	4002	17:29:00
37|6
169627	9.803921568627452	5122	13:00:00
130254	9.803921568627452	5122	13:04:00
141393	9.803921568627452	5122	13:04:00
469645	9.803921568627452	5122	14:08:00
84209	9.803921568627452	5122	15:39:00
280641	9.803921568627452	5122	15:46:00
38|6
504528	9.803921568627452	5397	07:55:00
517718	9.803921568627452	5397	07:55:00
532569	9.803921568627452	5397	07:55:00
614243	9.803921568627452	5397	07:55:00
614925	9.803921568627452	5397	07:55:00
622325	9.803921568627452	5397	07:55:00
39|6
614925	9.803921568627452	4316	22:00:00
34525	9.803921568627452	4316	22:31:00
540166	9.803921568627452	4316	22:31:00
327744	9.803921568627452	4316	22:34:00
9986	9.803921568627452	4316	22:38:00
536930	9.803921568627452	4316	22:38:00
40|6
328269	9.803921568627452	4596	07:29:00
195544	9.803921568627452	4596	07:32:00
186013	9.803921568627452	4596	07:35:00
213529	9.803921568627452	4596	07:35:00
257054	9.803921568627452	4596	07:35:00
509660	9.803921568627452	4596	07:40:00
41|6
498148	9.803921568627452	3878	14:36:00
113311	9.803921568627452	3883	01:17:00
571579	9.803921568627452	3972	15:05:00
199025	9.803921568627452	4303	21:08:00
375693	9.803921568627452	4303	21:08:00
591163	9.803921568627452	4303	21:08:00
42|6
134908	9.803921568627452	4596	13:45:00
303711	9.803921568627452	4597	08:56:00
3669	9.803921568627452	4597	09:58:00
458099	9.803921568627452	4598	08:21:00
82555	9.803921568627452	4598	10:13:00
248920	9.803921568627452	4598	10:13:00
43|6
309068	9.803921568627452	4635	00:15:00
328957	9.803921568627452	4635	00:15:00
376863	9.803921568627452	4635	00:15:00
60117	9.803921568627452	4635	00:20:00
409361	9.803921568627452	4635	00:20:00
581975	9.803921568627452	4641	08:55:00
