0|6
550452	10.196078431372548	5229	18:10:00
323933	10.196078431372548	5802	11:05:00
159248	10.196078431372548	5802	11:27:00
554099	10.196078431372548	5815	16:02:00
70896	10.196078431372548	5815	16:26:00
518385	10.196078431372548	5815	16:38:00
1|6
614243	10.196078431372548	5424	15:27:00
616649	10.196078431372548	5424	15:27:00
617646	10.196078431372548	5424	15:27:00
620594	10.196078431372548	5424	15:27:00
622325	10.196078431372548	5424	15:27:00
623778	10.196078431372548	5424	15:27:00
2|6
521716	10.196078431372548	4220	10:26:00
531386	10.196078431372548	4220	10:26:00
534002	10.196078431372548	4220	10:26:00
602548	10.196078431372548	4220	10:26:00
297989	10.196078431372548	5332	13:11:00
532569	10.196078431372548	5332	13:13:00
3|6
266898	10.196078431372548	3811	14:01:00
577089	10.196078431372548	3811	14:07:00
418340	10.196078431372548	3811	14:50:00
489371	10.196078431372548	4387	18:43:00
541471	10.196078431372548	4387	19:16:00
230010	10.196078431372548	4458	14:32:00
4|6
160409	10.196078431372548	4859	11:24:00
309265	10.196078431372548	4866	13:54:00
566574	10.196078431372548	4866	13:54:00
94767	10.196078431372548	4885	13:18:00
617491	10.196078431372548	4893	13:40:00
561044	10.196078431372548	4894	13:41:00
5|6
55372	10.196078431372548	5226	13:41:00
568050	10.196078431372548	5226	13:41:00
614805	10.196078431372548	5226	13:41:00
374622	10.196078431372548	5226	13:42:00
390355	10.196078431372548	5226	13:42:00
600781	10.196078431372548	5226	13:42:00
6|6
34428	10.196078431372548	5092	15:36:00
370386	10.196078431372548	5092	15:36:00
614925	10.196078431372548	5092	15:37:00
248723	10.196078431372548	5092	15:40:00
252962	10.196078431372548	5092	15:40:00
504528	10.196078431372548	5092	15:40:00
7|6
591369	10.196078431372548	6033	19:54:00
28621	10.196078431372548	6033	19:55:00
40189	10.196078431372548	6033	19:55:00
434891	10.196078431372548	6033	19:55:00
80657	10.196078431372548	6033	19:57:00
532790	10.196078431372548	6033	20:00:00
8|6
532569	10.196078431372548	4998	14:28:00
558154	10.196078431372548	4998	14:28:00
569179	10.196078431372548	4998	14:28:00
574204	10.196078431372548	4998	14:28:00
622325	10.196078431372548	4998	14:28:00
213829	10.196078431372548	4998	14:50:00
9|6
531386	10.196078431372548	4607	22:13:00
532569	10.196078431372548	4607	22:13:00
592747	10.196078431372548	4607	22:13:00
602602	10.196078431372548	4607	22:13:00
614925	10.196078431372548	4607	22:13:00
622325	10.196078431372548	4607	22:13:00
10|6
453396	10.196078431372548	3546	10:12:00
587636	10.196078431372548	3546	10:12:00
591461	10.196078431372548	3546	10:12:00
596241	10.196078431372548	3546	10:12:00
612520	10.196078431372548	3546	10:12:00
616649	10.196078431372548	3546	10:12:00
11|6
533053	10.196078431372548	4665	22:26:00
2273	10.196078431372548	4670	19:46:00
117627	10.196078431372548	4670	19:47:00
436796	10.196078431372548	4670	19:48:00
613923	10.196078431372548	4670	19:52:00
359283	10.196078431372548	4670	19:56:00
12|6
275010	10.196078431372548	5070	00:06:00
46030	10.196078431372548	5070	00:17:00
29235	10.196078431372548	5070	00:19:00
498179	10.196078431372548	5070	00:19:00
556541	10.196078431372548	5070	00:19:00
558814	10.196078431372548	5172	14:59:00
13|6
546992	10.196078431372548	4980	00:39:00
567726	10.196078431372548	4980	00:39:00
583090	10.196078431372548	4980	00:39:00
587636	10.196078431372548	4980	00:39:00
616649	10.196078431372548	4980	00:39:00
617646	10.196078431372548	4980	00:39:00
14|6
543905	10.196078431372548	5387	10:21:00
572538	10.196078431372548	5387	10:21:00
28590	10.196078431372548	5391	05:24:00
268594	10.196078431372548	5392	14:37:00
308881	10.196078431372548	5392	14:37:00
334831	10.196078431372548	5392	14:37:00
15|6
281112	10.196078431372548	5712	16:08:00
309256	10.196078431372548	5721	07:15:00
496762	10.196078431372548	5731	09:54:00
614925	10.196078431372548	5735	06:47:00
165824	10.196078431372548	5743	07:40:00
367313	10.196078431372548	5771	08:08:00
16|6
550452	10.196078431372548	5135	20:54:00
56437	10.196078431372548	5137	21:16:00
13379	10.196078431372548	5141	20:35:00
39046	10.196078431372548	5141	20:53:00
405897	10.196078431372548	5156	16:44:00
267723	10.196078431372548	5189	10:04:00
17|6
25205	10.196078431372548	4934	13:12:00
103410	10.196078431372548	4935	22:39:00
624550	10.196078431372548	4935	22:44:00
338242	10.196078431372548	4935	22:48:00
25311	10.196078431372548	4935	22:57:00
47310	10.196078431372548	4935	22:58:00
18|6
359811	10.196078431372548	5886	09:59:00
576535	10.196078431372548	5886	09:59:00
260310	10.196078431372548	5950	23:02:00
49509	10.196078431372548	6161	18:54:00
206975	10.196078431372548	6161	18:54:00
252459	10.196078431372548	6161	19:52:00
19|6
539904	10.196078431372548	4896	12:27:00
548098	10.196078431372548	4896	12:27:00
592747	10.196078431372548	4896	12:27:00
600770	10.196078431372548	4896	12:27:00
608376	10.196078431372548	4896	12:27:00
622325	10.196078431372548	4896	12:27:00
20|6
489371	10.196078431372548	4025	13:01:00
517526	10.196078431372548	4025	13:01:00
538823	10.196078431372548	4025	13:01:00
540934	10.196078431372548	4025	13:01:00
600770	10.196078431372548	4025	13:01:00
607946	10.196078431372548	4025	13:01:00
21|6
116469	10.196078431372548	4477	20:08:00
33730	10.196078431372548	4477	20:11:00
100025	10.196078431372548	4477	20:11:00
95970	10.196078431372548	4477	20:15:00
267723	10.196078431372548	4477	20:15:00
449769	10.196078431372548	4477	20:15:00
22|6
559390	10.196078431372548	4394	19:58:00
152442	10.196078431372548	4394	20:53:00
182003	10.196078431372548	4394	20:53:00
225679	10.196078431372548	4394	20:53:00
41414	10.196078431372548	4394	21:00:00
106447	10.196078431372548	4423	15:53:00
23|6
540166	10.196078431372548	4736	06:24:00
389637	10.196078431372548	4739	03:02:00
44531	10.196078431372548	4797	05:16:00
130559	10.196078431372548	4800	03:17:00
173049	10.196078431372548	4801	01:57:00
48550	10.196078431372548	4892	02:30:00
24|6
459622	10.196078431372548	5029	13:41:00
112126	10.196078431372548	5038	14:19:00
614925	10.196078431372548	5074	10:24:00
489371	10.196078431372548	5092	13:59:00
85222	10.196078431372548	5121	08:19:00
181089	10.196078431372548	5121	09:07:00
25|6
563692	10.196078431372548	3652	23:16:00
582591	10.196078431372548	3652	23:16:00
600770	10.196078431372548	3652	23:16:00
607946	10.196078431372548	3652	23:16:00
274703	10.196078431372548	3652	23:17:00
362307	10.196078431372548	3652	23:19:00
26|6
614243	10.196078431372548	4315	19:25:00
617646	10.196078431372548	4315	19:25:00
622325	10.196078431372548	4315	19:25:00
55629	10.196078431372548	4315	19:32:00
363904	10.196078431372548	4315	19:32:00
373402	10.196078431372548	4315	19:32:00
27|6
169081	10.196078431372548	4637	07:48:00
386683	10.196078431372548	4637	07:48:00
224051	10.196078431372548	4703	06:34:00
436056	10.196078431372548	4800	15:25:00
473055	10.196078431372548	4902	17:21:00
26226	10.196078431372548	4902	17:29:00
28|6
75707	10.196078431372548	6028	02:29:00
397543	10.196078431372548	6028	02:29:00
298685	10.196078431372548	6028	02:32:00
75410	10.196078431372548	6028	02:34:00
567631	10.196078431372548	6028	02:34:00
578903	10.196078431372548	6028	02:39:00
29|6
184754	10.196078431372548	5518	03:54:00
556366	10.196078431372548	5518	03:54:00
238646	10.196078431372548	5518	03:56:00
7876	10.196078431372548	5518	03:57:00
302000	10.196078431372548	5518	03:57:00
569396	10.196078431372548	5619	19:41:00
30|6
267846	10.196078431372548	3630	21:31:00
467178	10.196078431372548	3630	21:31:00
444949	10.196078431372548	4709	13:03:00
489457	10.196078431372548	4709	13:14:00
529957	10.196078431372548	4709	13:16:00
552786	10.196078431372548	4709	13:24:00
31|6
123929	10.196078431372548	5344	20:38:00
98718	10.196078431372548	5352	09:05:00
195434	10.196078431372548	5353	23:27:00
588686	10.196078431372548	5353	23:35:00
604347	10.196078431372548	5370	16:36:00
17497	10.196078431372548	5414	18:31:00
32|6
358441	10.196078431372548	4308	18:24:00
440694	10.196078431372548	4308	18:24:00
577474	10.196078431372548	4308	18:24:00
266281	10.196078431372548	4308	18:25:00
371598	10.196078431372548	4308	18:25:00
564115	10.196078431372548	4308	18:25:00
33|6
75943	10.196078431372548	4063	08:45:00
355155	10.196078431372548	4063	08:53:00
564115	10.196078431372548	4063	08:54:00
364683	10.196078431372548	4063	09:01:00
437608	10.196078431372548	4063	09:01:00
603145	10.196078431372548	4063	09:01:00
34|6
1188	10.196078431372548	4384	15:40:00
4132	10.196078431372548	4384	15:40:00
30125	10.196078431372548	4384	15:40:00
36422	10.196078431372548	4384	15:40:00
421158	10.196078431372548	4384	15:40:00
482854	10.196078431372548	4384	15:40:00
35|6
529098	10.196078431372548	5494	14:35:00
559371	10.196078431372548	5494	15:48:00
237542	10.196078431372548	5494	15:50:00
549463	10.196078431372548	5494	15:50:00
381626	10.196078431372548	5494	16:17:00
407756	10.196078431372548	5494	16:17:00
36|6
571905	10.196078431372548	4001	20:14:00
198370	10.196078431372548	4002	16:25:00
347177	10.196078431372548	4002	16:37:00
27598	10.196078431372548	4002	16:55:00
551806	10.196078431372548	4002	16:56:00
193586	10.196078431372548	4002	17:29:00
37|6
169627	10.196078431372548	5122	13:00:00
130254	10.196078431372548	5122	13:04:00
141393	10.196078431372548	5122	13:04:00
469645	10.196078431372548	5122	14:08:00
84209	10.196078431372548	5122	15:39:00
280641	10.196078431372548	5122	15:46:00
38|6
504528	10.196078431372548	5397	07:55:00
517718	10.196078431372548	5397	07:55:00
532569	10.196078431372548	5397	07:55:00
614243	10.196078431372548	5397	07:55:00
614925	10.196078431372548	5397	07:55:00
622325	10.196078431372548	5397	07:55:00
39|6
614925	10.196078431372548	4316	22:00:00
34525	10.196078431372548	4316	22:31:00
540166	10.196078431372548	4316	22:31:00
327744	10.196078431372548	4316	22:34:00
9986	10.196078431372548	4316	22:38:00
536930	10.196078431372548	4316	22:38:00
40|6
328269	10.196078431372548	4596	07:29:00
195544	10.196078431372548	4596	07:32:00
186013	10.196078431372548	4596	07:35:00
213529	10.196078431372548	4596	07:35:00
257054	10.196078431372548	4596	07:35:00
509660	10.196078431372548	4596	07:40:00
41|6
498148	10.196078431372548	3878	14:36:00
113311	10.196078431372548	3883	01:17:00
571579	10.196078431372548	3972	15:05:00
199025	10.196078431372548	4303	21:08:00
375693	10.196078431372548	4303	21:08:00
591163	10.196078431372548	4303	21:08:00
42|6
134908	10.196078431372548	4596	13:45:00
303711	10.196078431372548	4597	08:56:00
3669	10.196078431372548	4597	09:58:00
458099	10.196078431372548	4598	08:21:00
82555	10.196078431372548	4598	10:13:00
248920	10.196078431372548	4598	10:13:00
43|6
309068	10.196078431372548	4635	00:15:00
328957	10.196078431372548	4635	00:15:00
376863	10.196078431372548	4635	00:15:00
60117	10.196078431372548	4635	00:20:00
409361	10.196078431372548	4635	00:20:00
581975	10.196078431372548	4641	08:55:00
