0|6
550452	11.372549019607844	5229	18:10:00
323933	11.372549019607844	5802	11:05:00
159248	11.372549019607844	5802	11:27:00
554099	11.372549019607844	5815	16:02:00
70896	11.372549019607844	5815	16:26:00
518385	11.372549019607844	5815	16:38:00
1|6
614243	11.372549019607844	5424	15:27:00
616649	11.372549019607844	5424	15:27:00
617646	11.372549019607844	5424	15:27:00
620594	11.372549019607844	5424	15:27:00
622325	11.372549019607844	5424	15:27:00
623778	11.372549019607844	5424	15:27:00
2|6
521716	11.372549019607844	4220	10:26:00
531386	11.372549019607844	4220	10:26:00
534002	11.372549019607844	4220	10:26:00
602548	11.372549019607844	4220	10:26:00
297989	11.372549019607844	5332	13:11:00
532569	11.372549019607844	5332	13:13:00
3|6
266898	11.372549019607844	3811	14:01:00
577089	11.372549019607844	3811	14:07:00
418340	11.372549019607844	3811	14:50:00
489371	11.372549019607844	4387	18:43:00
541471	11.372549019607844	4387	19:16:00
230010	11.372549019607844	4458	14:32:00
4|6
160409	11.372549019607844	4859	11:24:00
309265	11.372549019607844	4866	13:54:00
566574	11.372549019607844	4866	13:54:00
94767	11.372549019607844	4885	13:18:00
617491	11.372549019607844	4893	13:40:00
561044	11.372549019607844	4894	13:41:00
5|6
55372	11.372549019607844	5226	13:41:00
568050	11.372549019607844	5226	13:41:00
614805	11.372549019607844	5226	13:41:00
374622	11.372549019607844	5226	13:42:00
390355	11.372549019607844	5226	13:42:00
600781	11.372549019607844	5226	13:42:00
6|6
34428	11.372549019607844	5092	15:36:00
370386	11.372549019607844	5092	15:36:00
614925	11.372549019607844	5092	15:37:00
248723	11.372549019607844	5092	15:40:00
252962	11.372549019607844	5092	15:40:00
504528	11.372549019607844	5092	15:40:00
7|6
591369	11.372549019607844	6033	19:54:00
28621	11.372549019607844	6033	19:55:00
40189	11.372549019607844	6033	19:55:00
434891	11.372549019607844	6033	19:55:00
80657	11.372549019607844	6033	19:57:00
532790	11.372549019607844	6033	20:00:00
8|6
532569	11.372549019607844	4998	14:28:00
558154	11.372549019607844	4998	14:28:00
569179	11.372549019607844	4998	14:28:00
574204	11.372549019607844	4998	14:28:00
622325	11.372549019607844	4998	14:28:00
213829	11.372549019607844	4998	14:50:00
9|6
531386	11.372549019607844	4607	22:13:00
532569	11.372549019607844	4607	22:13:00
592747	11.372549019607844	4607	22:13:00
602602	11.372549019607844	4607	22:13:00
614925	11.372549019607844	4607	22:13:00
622325	11.372549019607844	4607	22:13:00
10|6
453396	11.372549019607844	3546	10:12:00
587636	11.372549019607844	3546	10:12:00
591461	11.372549019607844	3546	10:12:00
596241	11.372549019607844	3546	10:12:00
612520	11.372549019607844	3546	10:12:00
616649	11.372549019607844	3546	10:12:00
11|6
533053	11.372549019607844	4665	22:26:00
2273	11.372549019607844	4670	19:46:00
117627	11.372549019607844	4670	19:47:00
436796	11.372549019607844	4670	19:48:00
613923	11.372549019607844	4670	19:52:00
359283	11.372549019607844	4670	19:56:00
12|6
275010	11.372549019607844	5070	00:06:00
46030	11.372549019607844	5070	00:17:00
29235	11.372549019607844	5070	00:19:00
498179	11.372549019607844	5070	00:19:00
556541	11.372549019607844	5070	00:19:00
558814	11.372549019607844	5172	14:59:00
13|6
546992	11.372549019607844	4980	00:39:00
567726	11.372549019607844	4980	00:39:00
583090	11.372549019607844	4980	00:39:00
587636	11.372549019607844	4980	00:39:00
616649	11.372549019607844	4980	00:39:00
617646	11.372549019607844	4980	00:39:00
14|6
543905	11.372549019607844	5387	10:21:00
572538	11.372549019607844	5387	10:21:00
28590	11.372549019607844	5391	05:24:00
268594	11.372549019607844	5392	14:37:00
308881	11.372549019607844	5392	14:37:00
334831	11.372549019607844	5392	14:37:00
15|6
281112	11.372549019607844	5712	16:08:00
309256	11.372549019607844	5721	07:15:00
496762	11.372549019607844	5731	09:54:00
614925	11.372549019607844	5735	06:47:00
165824	11.372549019607844	5743	07:40:00
367313	11.372549019607844	5771	08:08:00
16|6
550452	11.372549019607844	5135	20:54:00
56437	11.372549019607844	5137	21:16:00
13379	11.372549019607844	5141	20:35:00
39046	11.372549019607844	5141	20:53:00
405897	11.372549019607844	5156	16:44:00
267723	11.372549019607844	5189	10:04:00
17|6
25205	11.372549019607844	4934	13:12:00
103410	11.372549019607844	4935	22:39:00
624550	11.372549019607844	4935	22:44:00
338242	11.372549019607844	4935	22:48:00
25311	11.372549019607844	4935	22:57:00
47310	11.372549019607844	4935	22:58:00
18|6
359811	11.372549019607844	5886	09:59:00
576535	11.372549019607844	5886	09:59:00
260310	11.372549019607844	5950	23:02:00
49509	11.372549019607844	6161	18:54:00
206975	11.372549019607844	6161	18:54:00
252459	11.372549019607844	6161	19:52:00
19|6
539904	11.372549019607844	4896	12:27:00
548098	11.372549019607844	4896	12:27:00
592747	11.372549019607844	4896	12:27:00
600770	11.372549019607844	4896	12:27:00
608376	11.372549019607844	4896	12:27:00
622325	11.372549019607844	4896	12:27:00
20|6
489371	11.372549019607844	4025	13:01:00
517526	11.372549019607844	4025	13:01:00
538823	11.372549019607844	4025	13:01:00
540934	11.372549019607844	4025	13:01:00
600770	11.372549019607844	4025	13:01:00
607946	11.372549019607844	4025	13:01:00
21|6
116469	11.372549019607844	4477	20:08:00
33730	11.372549019607844	4477	20:11:00
100025	11.372549019607844	4477	20:11:00
95970	11.372549019607844	4477	20:15:00
267723	11.372549019607844	4477	20:15:00
449769	11.372549019607844	4477	20:15:00
22|6
559390	11.372549019607844	4394	19:58:00
152442	11.372549019607844	4394	20:53:00
182003	11.372549019607844	4394	20:53:00
225679	11.372549019607844	4394	20:53:00
41414	11.372549019607844	4394	21:00:00
106447	11.372549019607844	4423	15:53:00
23|6
540166	11.372549019607844	4736	06:24:00
389637	11.372549019607844	4739	03:02:00
44531	11.372549019607844	4797	05:16:00
130559	11.372549019607844	4800	03:17:00
173049	11.372549019607844	4801	01:57:00
48550	11.372549019607844	4892	02:30:00
24|6
459622	11.372549019607844	5029	13:41:00
112126	11.372549019607844	5038	14:19:00
614925	11.372549019607844	5074	10:24:00
489371	11.372549019607844	5092	13:59:00
85222	11.372549019607844	5121	08:19:00
181089	11.372549019607844	5121	09:07:00
25|6
563692	11.372549019607844	3652	23:16:00
582591	11.372549019607844	3652	23:16:00
600770	11.372549019607844	3652	23:16:00
607946	11.372549019607844	3652	23:16:00
274703	11.372549019607844	3652	23:17:00
362307	11.372549019607844	3652	23:19:00
26|6
614243	11.372549019607844	4315	19:25:00
617646	11.372549019607844	4315	19:25:00
622325	11.372549019607844	4315	19:25:00
55629	11.372549019607844	4315	19:32:00
363904	11.372549019607844	4315	19:32:00
373402	11.372549019607844	4315	19:32:00
27|6
169081	11.372549019607844	4637	07:48:00
386683	11.372549019607844	4637	07:48:00
224051	11.372549019607844	4703	06:34:00
436056	11.372549019607844	4800	15:25:00
473055	11.372549019607844	4902	17:21:00
26226	11.372549019607844	4902	17:29:00
28|6
75707	11.372549019607844	6028	02:29:00
397543	11.372549019607844	6028	02:29:00
298685	11.372549019607844	6028	02:32:00
75410	11.372549019607844	6028	02:34:00
567631	11.372549019607844	6028	02:34:00
578903	11.372549019607844	6028	02:39:00
29|6
184754	11.372549019607844	5518	03:54:00
556366	11.372549019607844	5518	03:54:00
238646	11.372549019607844	5518	03:56:00
7876	11.372549019607844	5518	03:57:00
302000	11.372549019607844	5518	03:57:00
569396	11.372549019607844	5619	19:41:00
30|6
267846	11.372549019607844	3630	21:31:00
467178	11.372549019607844	3630	21:31:00
444949	11.372549019607844	4709	13:03:00
489457	11.372549019607844	4709	13:14:00
529957	11.372549019607844	4709	13:16:00
552786	11.372549019607844	4709	13:24:00
31|6
123929	11.372549019607844	5344	20:38:00
98718	11.372549019607844	5352	09:05:00
195434	11.372549019607844	5353	23:27:00
588686	11.372549019607844	5353	23:35:00
604347	11.372549019607844	5370	16:36:00
17497	11.372549019607844	5414	18:31:00
32|6
358441	11.372549019607844	4308	18:24:00
440694	11.372549019607844	4308	18:24:00
577474	11.372549019607844	4308	18:24:00
266281	11.372549019607844	4308	18:25:00
371598	11.372549019607844	4308	18:25:00
564115	11.372549019607844	4308	18:25:00
33|6
75943	11.372549019607844	4063	08:45:00
355155	11.372549019607844	4063	08:53:00
564115	11.372549019607844	4063	08:54:00
364683	11.372549019607844	4063	09:01:00
437608	11.372549019607844	4063	09:01:00
603145	11.372549019607844	4063	09:01:00
34|6
1188	11.372549019607844	4384	15:40:00
4132	11.372549019607844	4384	15:40:00
30125	11.372549019607844	4384	15:40:00
36422	11.372549019607844	4384	15:40:00
421158	11.372549019607844	4384	15:40:00
482854	11.372549019607844	4384	15:40:00
35|6
529098	11.372549019607844	5494	14:35:00
559371	11.372549019607844	5494	15:48:00
237542	11.372549019607844	5494	15:50:00
549463	11.372549019607844	5494	15:50:00
381626	11.372549019607844	5494	16:17:00
407756	11.372549019607844	5494	16:17:00
36|6
571905	11.372549019607844	4001	20:14:00
198370	11.372549019607844	4002	16:25:00
347177	11.372549019607844	4002	16:37:00
27598	11.372549019607844	4002	16:55:00
551806	11.372549019607844	4002	16:56:00
193586	11.372549019607844	4002	17:29:00
37|6
169627	11.372549019607844	5122	13:00:00
130254	11.372549019607844	5122	13:04:00
141393	11.372549019607844	5122	13:04:00
469645	11.372549019607844	5122	14:08:00
84209	11.372549019607844	5122	15:39:00
280641	11.372549019607844	5122	15:46:00
38|6
504528	11.372549019607844	5397	07:55:00
517718	11.372549019607844	5397	07:55:00
532569	11.372549019607844	5397	07:55:00
614243	11.372549019607844	5397	07:55:00
614925	11.372549019607844	5397	07:55:00
622325	11.372549019607844	5397	07:55:00
39|6
614925	11.372549019607844	4316	22:00:00
34525	11.372549019607844	4316	22:31:00
540166	11.372549019607844	4316	22:31:00
327744	11.372549019607844	4316	22:34:00
9986	11.372549019607844	4316	22:38:00
536930	11.372549019607844	4316	22:38:00
40|6
328269	11.372549019607844	4596	07:29:00
195544	11.372549019607844	4596	07:32:00
186013	11.372549019607844	4596	07:35:00
213529	11.372549019607844	4596	07:35:00
257054	11.372549019607844	4596	07:35:00
509660	11.372549019607844	4596	07:40:00
41|6
498148	11.372549019607844	3878	14:36:00
113311	11.372549019607844	3883	01:17:00
571579	11.372549019607844	3972	15:05:00
199025	11.372549019607844	4303	21:08:00
375693	11.372549019607844	4303	21:08:00
591163	11.372549019607844	4303	21:08:00
42|6
134908	11.372549019607844	4596	13:45:00
303711	11.372549019607844	4597	08:56:00
3669	11.372549019607844	4597	09:58:00
458099	11.372549019607844	4598	08:21:00
82555	11.372549019607844	4598	10:13:00
248920	11.372549019607844	4598	10:13:00
43|6
309068	11.372549019607844	4635	00:15:00
328957	11.372549019607844	4635	00:15:00
376863	11.372549019607844	4635	00:15:00
60117	11.372549019607844	4635	00:20:00
409361	11.372549019607844	4635	00:20:00
581975	11.372549019607844	4641	08:55:00
