0|6
550452	1.1764705882352942	5229	18:10:00
323933	1.1764705882352942	5802	11:05:00
159248	1.1764705882352942	5802	11:27:00
554099	1.1764705882352942	5815	16:02:00
70896	1.1764705882352942	5815	16:26:00
518385	1.1764705882352942	5815	16:38:00
1|6
614243	1.1764705882352942	5424	15:27:00
616649	1.1764705882352942	5424	15:27:00
617646	1.1764705882352942	5424	15:27:00
620594	1.1764705882352942	5424	15:27:00
622325	1.1764705882352942	5424	15:27:00
623778	1.1764705882352942	5424	15:27:00
2|6
521716	1.1764705882352942	4220	10:26:00
531386	1.1764705882352942	4220	10:26:00
534002	1.1764705882352942	4220	10:26:00
602548	1.1764705882352942	4220	10:26:00
297989	1.1764705882352942	5332	13:11:00
532569	1.1764705882352942	5332	13:13:00
3|6
266898	1.1764705882352942	3811	14:01:00
577089	1.1764705882352942	3811	14:07:00
418340	1.1764705882352942	3811	14:50:00
489371	1.1764705882352942	4387	18:43:00
541471	1.1764705882352942	4387	19:16:00
230010	1.1764705882352942	4458	14:32:00
4|6
160409	1.1764705882352942	4859	11:24:00
309265	1.1764705882352942	4866	13:54:00
566574	1.1764705882352942	4866	13:54:00
94767	1.1764705882352942	4885	13:18:00
617491	1.1764705882352942	4893	13:40:00
561044	1.1764705882352942	4894	13:41:00
5|6
55372	1.1764705882352942	5226	13:41:00
568050	1.1764705882352942	5226	13:41:00
614805	1.1764705882352942	5226	13:41:00
374622	1.1764705882352942	5226	13:42:00
390355	1.1764705882352942	5226	13:42:00
600781	1.1764705882352942	5226	13:42:00
6|6
34428	1.1764705882352942	5092	15:36:00
370386	1.1764705882352942	5092	15:36:00
614925	1.1764705882352942	5092	15:37:00
248723	1.1764705882352942	5092	15:40:00
252962	1.1764705882352942	5092	15:40:00
504528	1.1764705882352942	5092	15:40:00
7|6
591369	1.1764705882352942	6033	19:54:00
28621	1.1764705882352942	6033	19:55:00
40189	1.1764705882352942	6033	19:55:00
434891	1.1764705882352942	6033	19:55:00
80657	1.1764705882352942	6033	19:57:00
532790	1.1764705882352942	6033	20:00:00
8|6
532569	1.1764705882352942	4998	14:28:00
558154	1.1764705882352942	4998	14:28:00
569179	1.1764705882352942	4998	14:28:00
574204	1.1764705882352942	4998	14:28:00
622325	1.1764705882352942	4998	14:28:00
213829	1.1764705882352942	4998	14:50:00
9|6
531386	1.1764705882352942	4607	22:13:00
532569	1.1764705882352942	4607	22:13:00
592747	1.1764705882352942	4607	22:13:00
602602	1.1764705882352942	4607	22:13:00
614925	1.1764705882352942	4607	22:13:00
622325	1.1764705882352942	4607	22:13:00
10|6
453396	1.1764705882352942	3546	10:12:00
587636	1.1764705882352942	3546	10:12:00
591461	1.1764705882352942	3546	10:12:00
596241	1.1764705882352942	3546	10:12:00
612520	1.1764705882352942	3546	10:12:00
616649	1.1764705882352942	3546	10:12:00
11|6
533053	1.1764705882352942	4665	22:26:00
2273	1.1764705882352942	4670	19:46:00
117627	1.1764705882352942	4670	19:47:00
436796	1.1764705882352942	4670	19:48:00
613923	1.1764705882352942	4670	19:52:00
359283	1.1764705882352942	4670	19:56:00
12|6
275010	1.1764705882352942	5070	00:06:00
46030	1.1764705882352942	5070	00:17:00
29235	1.1764705882352942	5070	00:19:00
498179	1.1764705882352942	5070	00:19:00
556541	1.1764705882352942	5070	00:19:00
558814	1.1764705882352942	5172	14:59:00
13|6
546992	1.1764705882352942	4980	00:39:00
567726	1.1764705882352942	4980	00:39:00
583090	1.1764705882352942	4980	00:39:00
587636	1.1764705882352942	4980	00:39:00
616649	1.1764705882352942	4980	00:39:00
617646	1.1764705882352942	4980	00:39:00
14|6
543905	1.1764705882352942	5387	10:21:00
572538	1.1764705882352942	5387	10:21:00
28590	1.1764705882352942	5391	05:24:00
268594	1.1764705882352942	5392	14:37:00
308881	1.1764705882352942	5392	14:37:00
334831	1.1764705882352942	5392	14:37:00
15|6
281112	1.1764705882352942	5712	16:08:00
309256	1.1764705882352942	5721	07:15:00
496762	1.1764705882352942	5731	09:54:00
614925	1.1764705882352942	5735	06:47:00
165824	1.1764705882352942	5743	07:40:00
367313	1.1764705882352942	5771	08:08:00
16|6
550452	1.1764705882352942	5135	20:54:00
56437	1.1764705882352942	5137	21:16:00
13379	1.1764705882352942	5141	20:35:00
39046	1.1764705882352942	5141	20:53:00
405897	1.1764705882352942	5156	16:44:00
267723	1.1764705882352942	5189	10:04:00
17|6
25205	1.1764705882352942	4934	13:12:00
103410	1.1764705882352942	4935	22:39:00
624550	1.1764705882352942	4935	22:44:00
338242	1.1764705882352942	4935	22:48:00
25311	1.1764705882352942	4935	22:57:00
47310	1.1764705882352942	4935	22:58:00
18|6
359811	1.1764705882352942	5886	09:59:00
576535	1.1764705882352942	5886	09:59:00
260310	1.1764705882352942	5950	23:02:00
49509	1.1764705882352942	6161	18:54:00
206975	1.1764705882352942	6161	18:54:00
252459	1.1764705882352942	6161	19:52:00
19|6
539904	1.1764705882352942	4896	12:27:00
548098	1.1764705882352942	4896	12:27:00
592747	1.1764705882352942	4896	12:27:00
600770	1.1764705882352942	4896	12:27:00
608376	1.1764705882352942	4896	12:27:00
622325	1.1764705882352942	4896	12:27:00
20|6
489371	1.1764705882352942	4025	13:01:00
517526	1.1764705882352942	4025	13:01:00
538823	1.1764705882352942	4025	13:01:00
540934	1.1764705882352942	4025	13:01:00
600770	1.1764705882352942	4025	13:01:00
607946	1.1764705882352942	4025	13:01:00
21|6
116469	1.1764705882352942	4477	20:08:00
33730	1.1764705882352942	4477	20:11:00
100025	1.1764705882352942	4477	20:11:00
95970	1.1764705882352942	4477	20:15:00
267723	1.1764705882352942	4477	20:15:00
449769	1.1764705882352942	4477	20:15:00
22|6
559390	1.1764705882352942	4394	19:58:00
152442	1.1764705882352942	4394	20:53:00
182003	1.1764705882352942	4394	20:53:00
225679	1.1764705882352942	4394	20:53:00
41414	1.1764705882352942	4394	21:00:00
106447	1.1764705882352942	4423	15:53:00
23|6
540166	1.1764705882352942	4736	06:24:00
389637	1.1764705882352942	4739	03:02:00
44531	1.1764705882352942	4797	05:16:00
130559	1.1764705882352942	4800	03:17:00
173049	1.1764705882352942	4801	01:57:00
48550	1.1764705882352942	4892	02:30:00
24|6
459622	1.1764705882352942	5029	13:41:00
112126	1.1764705882352942	5038	14:19:00
614925	1.1764705882352942	5074	10:24:00
489371	1.1764705882352942	5092	13:59:00
85222	1.1764705882352942	5121	08:19:00
181089	1.1764705882352942	5121	09:07:00
25|6
563692	1.1764705882352942	3652	23:16:00
582591	1.1764705882352942	3652	23:16:00
600770	1.1764705882352942	3652	23:16:00
607946	1.1764705882352942	3652	23:16:00
274703	1.1764705882352942	3652	23:17:00
362307	1.1764705882352942	3652	23:19:00
26|6
614243	1.1764705882352942	4315	19:25:00
617646	1.1764705882352942	4315	19:25:00
622325	1.1764705882352942	4315	19:25:00
55629	1.1764705882352942	4315	19:32:00
363904	1.1764705882352942	4315	19:32:00
373402	1.1764705882352942	4315	19:32:00
27|6
169081	1.1764705882352942	4637	07:48:00
386683	1.1764705882352942	4637	07:48:00
224051	1.1764705882352942	4703	06:34:00
436056	1.1764705882352942	4800	15:25:00
473055	1.1764705882352942	4902	17:21:00
26226	1.1764705882352942	4902	17:29:00
28|6
75707	1.1764705882352942	6028	02:29:00
397543	1.1764705882352942	6028	02:29:00
298685	1.1764705882352942	6028	02:32:00
75410	1.1764705882352942	6028	02:34:00
567631	1.1764705882352942	6028	02:34:00
578903	1.1764705882352942	6028	02:39:00
29|6
184754	1.1764705882352942	5518	03:54:00
556366	1.1764705882352942	5518	03:54:00
238646	1.1764705882352942	5518	03:56:00
7876	1.1764705882352942	5518	03:57:00
302000	1.1764705882352942	5518	03:57:00
569396	1.1764705882352942	5619	19:41:00
30|6
267846	1.1764705882352942	3630	21:31:00
467178	1.1764705882352942	3630	21:31:00
444949	1.1764705882352942	4709	13:03:00
489457	1.1764705882352942	4709	13:14:00
529957	1.1764705882352942	4709	13:16:00
552786	1.1764705882352942	4709	13:24:00
31|6
123929	1.1764705882352942	5344	20:38:00
98718	1.1764705882352942	5352	09:05:00
195434	1.1764705882352942	5353	23:27:00
588686	1.1764705882352942	5353	23:35:00
604347	1.1764705882352942	5370	16:36:00
17497	1.1764705882352942	5414	18:31:00
32|6
358441	1.1764705882352942	4308	18:24:00
440694	1.1764705882352942	4308	18:24:00
577474	1.1764705882352942	4308	18:24:00
266281	1.1764705882352942	4308	18:25:00
371598	1.1764705882352942	4308	18:25:00
564115	1.1764705882352942	4308	18:25:00
33|6
75943	1.1764705882352942	4063	08:45:00
355155	1.1764705882352942	4063	08:53:00
564115	1.1764705882352942	4063	08:54:00
364683	1.1764705882352942	4063	09:01:00
437608	1.1764705882352942	4063	09:01:00
603145	1.1764705882352942	4063	09:01:00
34|6
1188	1.1764705882352942	4384	15:40:00
4132	1.1764705882352942	4384	15:40:00
30125	1.1764705882352942	4384	15:40:00
36422	1.1764705882352942	4384	15:40:00
421158	1.1764705882352942	4384	15:40:00
482854	1.1764705882352942	4384	15:40:00
35|6
529098	1.1764705882352942	5494	14:35:00
559371	1.1764705882352942	5494	15:48:00
237542	1.1764705882352942	5494	15:50:00
549463	1.1764705882352942	5494	15:50:00
381626	1.1764705882352942	5494	16:17:00
407756	1.1764705882352942	5494	16:17:00
36|6
571905	1.1764705882352942	4001	20:14:00
198370	1.1764705882352942	4002	16:25:00
347177	1.1764705882352942	4002	16:37:00
27598	1.1764705882352942	4002	16:55:00
551806	1.1764705882352942	4002	16:56:00
193586	1.1764705882352942	4002	17:29:00
37|6
169627	1.1764705882352942	5122	13:00:00
130254	1.1764705882352942	5122	13:04:00
141393	1.1764705882352942	5122	13:04:00
469645	1.1764705882352942	5122	14:08:00
84209	1.1764705882352942	5122	15:39:00
280641	1.1764705882352942	5122	15:46:00
38|6
504528	1.1764705882352942	5397	07:55:00
517718	1.1764705882352942	5397	07:55:00
532569	1.1764705882352942	5397	07:55:00
614243	1.1764705882352942	5397	07:55:00
614925	1.1764705882352942	5397	07:55:00
622325	1.1764705882352942	5397	07:55:00
39|6
614925	1.1764705882352942	4316	22:00:00
34525	1.1764705882352942	4316	22:31:00
540166	1.1764705882352942	4316	22:31:00
327744	1.1764705882352942	4316	22:34:00
9986	1.1764705882352942	4316	22:38:00
536930	1.1764705882352942	4316	22:38:00
40|6
328269	1.1764705882352942	4596	07:29:00
195544	1.1764705882352942	4596	07:32:00
186013	1.1764705882352942	4596	07:35:00
213529	1.1764705882352942	4596	07:35:00
257054	1.1764705882352942	4596	07:35:00
509660	1.1764705882352942	4596	07:40:00
41|6
498148	1.1764705882352942	3878	14:36:00
113311	1.1764705882352942	3883	01:17:00
571579	1.1764705882352942	3972	15:05:00
199025	1.1764705882352942	4303	21:08:00
375693	1.1764705882352942	4303	21:08:00
591163	1.1764705882352942	4303	21:08:00
42|6
134908	1.1764705882352942	4596	13:45:00
303711	1.1764705882352942	4597	08:56:00
3669	1.1764705882352942	4597	09:58:00
458099	1.1764705882352942	4598	08:21:00
82555	1.1764705882352942	4598	10:13:00
248920	1.1764705882352942	4598	10:13:00
43|6
309068	1.1764705882352942	4635	00:15:00
328957	1.1764705882352942	4635	00:15:00
376863	1.1764705882352942	4635	00:15:00
60117	1.1764705882352942	4635	00:20:00
409361	1.1764705882352942	4635	00:20:00
581975	1.1764705882352942	4641	08:55:00
