0|6
550452	12.156862745098039	5229	18:10:00
323933	12.156862745098039	5802	11:05:00
159248	12.156862745098039	5802	11:27:00
554099	12.156862745098039	5815	16:02:00
70896	12.156862745098039	5815	16:26:00
518385	12.156862745098039	5815	16:38:00
1|6
614243	12.156862745098039	5424	15:27:00
616649	12.156862745098039	5424	15:27:00
617646	12.156862745098039	5424	15:27:00
620594	12.156862745098039	5424	15:27:00
622325	12.156862745098039	5424	15:27:00
623778	12.156862745098039	5424	15:27:00
2|6
521716	12.156862745098039	4220	10:26:00
531386	12.156862745098039	4220	10:26:00
534002	12.156862745098039	4220	10:26:00
602548	12.156862745098039	4220	10:26:00
297989	12.156862745098039	5332	13:11:00
532569	12.156862745098039	5332	13:13:00
3|6
266898	12.156862745098039	3811	14:01:00
577089	12.156862745098039	3811	14:07:00
418340	12.156862745098039	3811	14:50:00
489371	12.156862745098039	4387	18:43:00
541471	12.156862745098039	4387	19:16:00
230010	12.156862745098039	4458	14:32:00
4|6
160409	12.156862745098039	4859	11:24:00
309265	12.156862745098039	4866	13:54:00
566574	12.156862745098039	4866	13:54:00
94767	12.156862745098039	4885	13:18:00
617491	12.156862745098039	4893	13:40:00
561044	12.156862745098039	4894	13:41:00
5|6
55372	12.156862745098039	5226	13:41:00
568050	12.156862745098039	5226	13:41:00
614805	12.156862745098039	5226	13:41:00
374622	12.156862745098039	5226	13:42:00
390355	12.156862745098039	5226	13:42:00
600781	12.156862745098039	5226	13:42:00
6|6
34428	12.156862745098039	5092	15:36:00
370386	12.156862745098039	5092	15:36:00
614925	12.156862745098039	5092	15:37:00
248723	12.156862745098039	5092	15:40:00
252962	12.156862745098039	5092	15:40:00
504528	12.156862745098039	5092	15:40:00
7|6
591369	12.156862745098039	6033	19:54:00
28621	12.156862745098039	6033	19:55:00
40189	12.156862745098039	6033	19:55:00
434891	12.156862745098039	6033	19:55:00
80657	12.156862745098039	6033	19:57:00
532790	12.156862745098039	6033	20:00:00
8|6
532569	12.156862745098039	4998	14:28:00
558154	12.156862745098039	4998	14:28:00
569179	12.156862745098039	4998	14:28:00
574204	12.156862745098039	4998	14:28:00
622325	12.156862745098039	4998	14:28:00
213829	12.156862745098039	4998	14:50:00
9|6
531386	12.156862745098039	4607	22:13:00
532569	12.156862745098039	4607	22:13:00
592747	12.156862745098039	4607	22:13:00
602602	12.156862745098039	4607	22:13:00
614925	12.156862745098039	4607	22:13:00
622325	12.156862745098039	4607	22:13:00
10|6
453396	12.156862745098039	3546	10:12:00
587636	12.156862745098039	3546	10:12:00
591461	12.156862745098039	3546	10:12:00
596241	12.156862745098039	3546	10:12:00
612520	12.156862745098039	3546	10:12:00
616649	12.156862745098039	3546	10:12:00
11|6
533053	12.156862745098039	4665	22:26:00
2273	12.156862745098039	4670	19:46:00
117627	12.156862745098039	4670	19:47:00
436796	12.156862745098039	4670	19:48:00
613923	12.156862745098039	4670	19:52:00
359283	12.156862745098039	4670	19:56:00
12|6
275010	12.156862745098039	5070	00:06:00
46030	12.156862745098039	5070	00:17:00
29235	12.156862745098039	5070	00:19:00
498179	12.156862745098039	5070	00:19:00
556541	12.156862745098039	5070	00:19:00
558814	12.156862745098039	5172	14:59:00
13|6
546992	12.156862745098039	4980	00:39:00
567726	12.156862745098039	4980	00:39:00
583090	12.156862745098039	4980	00:39:00
587636	12.156862745098039	4980	00:39:00
616649	12.156862745098039	4980	00:39:00
617646	12.156862745098039	4980	00:39:00
14|6
543905	12.156862745098039	5387	10:21:00
572538	12.156862745098039	5387	10:21:00
28590	12.156862745098039	5391	05:24:00
268594	12.156862745098039	5392	14:37:00
308881	12.156862745098039	5392	14:37:00
334831	12.156862745098039	5392	14:37:00
15|6
281112	12.156862745098039	5712	16:08:00
309256	12.156862745098039	5721	07:15:00
496762	12.156862745098039	5731	09:54:00
614925	12.156862745098039	5735	06:47:00
165824	12.156862745098039	5743	07:40:00
367313	12.156862745098039	5771	08:08:00
16|6
550452	12.156862745098039	5135	20:54:00
56437	12.156862745098039	5137	21:16:00
13379	12.156862745098039	5141	20:35:00
39046	12.156862745098039	5141	20:53:00
405897	12.156862745098039	5156	16:44:00
267723	12.156862745098039	5189	10:04:00
17|6
25205	12.156862745098039	4934	13:12:00
103410	12.156862745098039	4935	22:39:00
624550	12.156862745098039	4935	22:44:00
338242	12.156862745098039	4935	22:48:00
25311	12.156862745098039	4935	22:57:00
47310	12.156862745098039	4935	22:58:00
18|6
359811	12.156862745098039	5886	09:59:00
576535	12.156862745098039	5886	09:59:00
260310	12.156862745098039	5950	23:02:00
49509	12.156862745098039	6161	18:54:00
206975	12.156862745098039	6161	18:54:00
252459	12.156862745098039	6161	19:52:00
19|6
539904	12.156862745098039	4896	12:27:00
548098	12.156862745098039	4896	12:27:00
592747	12.156862745098039	4896	12:27:00
600770	12.156862745098039	4896	12:27:00
608376	12.156862745098039	4896	12:27:00
622325	12.156862745098039	4896	12:27:00
20|6
489371	12.156862745098039	4025	13:01:00
517526	12.156862745098039	4025	13:01:00
538823	12.156862745098039	4025	13:01:00
540934	12.156862745098039	4025	13:01:00
600770	12.156862745098039	4025	13:01:00
607946	12.156862745098039	4025	13:01:00
21|6
116469	12.156862745098039	4477	20:08:00
33730	12.156862745098039	4477	20:11:00
100025	12.156862745098039	4477	20:11:00
95970	12.156862745098039	4477	20:15:00
267723	12.156862745098039	4477	20:15:00
449769	12.156862745098039	4477	20:15:00
22|6
559390	12.156862745098039	4394	19:58:00
152442	12.156862745098039	4394	20:53:00
182003	12.156862745098039	4394	20:53:00
225679	12.156862745098039	4394	20:53:00
41414	12.156862745098039	4394	21:00:00
106447	12.156862745098039	4423	15:53:00
23|6
540166	12.156862745098039	4736	06:24:00
389637	12.156862745098039	4739	03:02:00
44531	12.156862745098039	4797	05:16:00
130559	12.156862745098039	4800	03:17:00
173049	12.156862745098039	4801	01:57:00
48550	12.156862745098039	4892	02:30:00
24|6
459622	12.156862745098039	5029	13:41:00
112126	12.156862745098039	5038	14:19:00
614925	12.156862745098039	5074	10:24:00
489371	12.156862745098039	5092	13:59:00
85222	12.156862745098039	5121	08:19:00
181089	12.156862745098039	5121	09:07:00
25|6
563692	12.156862745098039	3652	23:16:00
582591	12.156862745098039	3652	23:16:00
600770	12.156862745098039	3652	23:16:00
607946	12.156862745098039	3652	23:16:00
274703	12.156862745098039	3652	23:17:00
362307	12.156862745098039	3652	23:19:00
26|6
614243	12.156862745098039	4315	19:25:00
617646	12.156862745098039	4315	19:25:00
622325	12.156862745098039	4315	19:25:00
55629	12.156862745098039	4315	19:32:00
363904	12.156862745098039	4315	19:32:00
373402	12.156862745098039	4315	19:32:00
27|6
169081	12.156862745098039	4637	07:48:00
386683	12.156862745098039	4637	07:48:00
224051	12.156862745098039	4703	06:34:00
436056	12.156862745098039	4800	15:25:00
473055	12.156862745098039	4902	17:21:00
26226	12.156862745098039	4902	17:29:00
28|6
75707	12.156862745098039	6028	02:29:00
397543	12.156862745098039	6028	02:29:00
298685	12.156862745098039	6028	02:32:00
75410	12.156862745098039	6028	02:34:00
567631	12.156862745098039	6028	02:34:00
578903	12.156862745098039	6028	02:39:00
29|6
184754	12.156862745098039	5518	03:54:00
556366	12.156862745098039	5518	03:54:00
238646	12.156862745098039	5518	03:56:00
7876	12.156862745098039	5518	03:57:00
302000	12.156862745098039	5518	03:57:00
569396	12.156862745098039	5619	19:41:00
30|6
267846	12.156862745098039	3630	21:31:00
467178	12.156862745098039	3630	21:31:00
444949	12.156862745098039	4709	13:03:00
489457	12.156862745098039	4709	13:14:00
529957	12.156862745098039	4709	13:16:00
552786	12.156862745098039	4709	13:24:00
31|6
123929	12.156862745098039	5344	20:38:00
98718	12.156862745098039	5352	09:05:00
195434	12.156862745098039	5353	23:27:00
588686	12.156862745098039	5353	23:35:00
604347	12.156862745098039	5370	16:36:00
17497	12.156862745098039	5414	18:31:00
32|6
358441	12.156862745098039	4308	18:24:00
440694	12.156862745098039	4308	18:24:00
577474	12.156862745098039	4308	18:24:00
266281	12.156862745098039	4308	18:25:00
371598	12.156862745098039	4308	18:25:00
564115	12.156862745098039	4308	18:25:00
33|6
75943	12.156862745098039	4063	08:45:00
355155	12.156862745098039	4063	08:53:00
564115	12.156862745098039	4063	08:54:00
364683	12.156862745098039	4063	09:01:00
437608	12.156862745098039	4063	09:01:00
603145	12.156862745098039	4063	09:01:00
34|6
1188	12.156862745098039	4384	15:40:00
4132	12.156862745098039	4384	15:40:00
30125	12.156862745098039	4384	15:40:00
36422	12.156862745098039	4384	15:40:00
421158	12.156862745098039	4384	15:40:00
482854	12.156862745098039	4384	15:40:00
35|6
529098	12.156862745098039	5494	14:35:00
559371	12.156862745098039	5494	15:48:00
237542	12.156862745098039	5494	15:50:00
549463	12.156862745098039	5494	15:50:00
381626	12.156862745098039	5494	16:17:00
407756	12.156862745098039	5494	16:17:00
36|6
571905	12.156862745098039	4001	20:14:00
198370	12.156862745098039	4002	16:25:00
347177	12.156862745098039	4002	16:37:00
27598	12.156862745098039	4002	16:55:00
551806	12.156862745098039	4002	16:56:00
193586	12.156862745098039	4002	17:29:00
37|6
169627	12.156862745098039	5122	13:00:00
130254	12.156862745098039	5122	13:04:00
141393	12.156862745098039	5122	13:04:00
469645	12.156862745098039	5122	14:08:00
84209	12.156862745098039	5122	15:39:00
280641	12.156862745098039	5122	15:46:00
38|6
504528	12.156862745098039	5397	07:55:00
517718	12.156862745098039	5397	07:55:00
532569	12.156862745098039	5397	07:55:00
614243	12.156862745098039	5397	07:55:00
614925	12.156862745098039	5397	07:55:00
622325	12.156862745098039	5397	07:55:00
39|6
614925	12.156862745098039	4316	22:00:00
34525	12.156862745098039	4316	22:31:00
540166	12.156862745098039	4316	22:31:00
327744	12.156862745098039	4316	22:34:00
9986	12.156862745098039	4316	22:38:00
536930	12.156862745098039	4316	22:38:00
40|6
328269	12.156862745098039	4596	07:29:00
195544	12.156862745098039	4596	07:32:00
186013	12.156862745098039	4596	07:35:00
213529	12.156862745098039	4596	07:35:00
257054	12.156862745098039	4596	07:35:00
509660	12.156862745098039	4596	07:40:00
41|6
498148	12.156862745098039	3878	14:36:00
113311	12.156862745098039	3883	01:17:00
571579	12.156862745098039	3972	15:05:00
199025	12.156862745098039	4303	21:08:00
375693	12.156862745098039	4303	21:08:00
591163	12.156862745098039	4303	21:08:00
42|6
134908	12.156862745098039	4596	13:45:00
303711	12.156862745098039	4597	08:56:00
3669	12.156862745098039	4597	09:58:00
458099	12.156862745098039	4598	08:21:00
82555	12.156862745098039	4598	10:13:00
248920	12.156862745098039	4598	10:13:00
43|6
309068	12.156862745098039	4635	00:15:00
328957	12.156862745098039	4635	00:15:00
376863	12.156862745098039	4635	00:15:00
60117	12.156862745098039	4635	00:20:00
409361	12.156862745098039	4635	00:20:00
581975	12.156862745098039	4641	08:55:00
