0|6
550452	14.901960784313726	5229	18:10:00
323933	14.901960784313726	5802	11:05:00
159248	14.901960784313726	5802	11:27:00
554099	14.901960784313726	5815	16:02:00
70896	14.901960784313726	5815	16:26:00
518385	14.901960784313726	5815	16:38:00
1|6
614243	14.901960784313726	5424	15:27:00
616649	14.901960784313726	5424	15:27:00
617646	14.901960784313726	5424	15:27:00
620594	14.901960784313726	5424	15:27:00
622325	14.901960784313726	5424	15:27:00
623778	14.901960784313726	5424	15:27:00
2|6
521716	14.901960784313726	4220	10:26:00
531386	14.901960784313726	4220	10:26:00
534002	14.901960784313726	4220	10:26:00
602548	14.901960784313726	4220	10:26:00
297989	14.901960784313726	5332	13:11:00
532569	14.901960784313726	5332	13:13:00
3|6
266898	14.901960784313726	3811	14:01:00
577089	14.901960784313726	3811	14:07:00
418340	14.901960784313726	3811	14:50:00
489371	14.901960784313726	4387	18:43:00
541471	14.901960784313726	4387	19:16:00
230010	14.901960784313726	4458	14:32:00
4|6
160409	14.901960784313726	4859	11:24:00
309265	14.901960784313726	4866	13:54:00
566574	14.901960784313726	4866	13:54:00
94767	14.901960784313726	4885	13:18:00
617491	14.901960784313726	4893	13:40:00
561044	14.901960784313726	4894	13:41:00
5|6
55372	14.901960784313726	5226	13:41:00
568050	14.901960784313726	5226	13:41:00
614805	14.901960784313726	5226	13:41:00
374622	14.901960784313726	5226	13:42:00
390355	14.901960784313726	5226	13:42:00
600781	14.901960784313726	5226	13:42:00
6|6
34428	14.901960784313726	5092	15:36:00
370386	14.901960784313726	5092	15:36:00
614925	14.901960784313726	5092	15:37:00
248723	14.901960784313726	5092	15:40:00
252962	14.901960784313726	5092	15:40:00
504528	14.901960784313726	5092	15:40:00
7|6
591369	14.901960784313726	6033	19:54:00
28621	14.901960784313726	6033	19:55:00
40189	14.901960784313726	6033	19:55:00
434891	14.901960784313726	6033	19:55:00
80657	14.901960784313726	6033	19:57:00
532790	14.901960784313726	6033	20:00:00
8|6
532569	14.901960784313726	4998	14:28:00
558154	14.901960784313726	4998	14:28:00
569179	14.901960784313726	4998	14:28:00
574204	14.901960784313726	4998	14:28:00
622325	14.901960784313726	4998	14:28:00
213829	14.901960784313726	4998	14:50:00
9|6
531386	14.901960784313726	4607	22:13:00
532569	14.901960784313726	4607	22:13:00
592747	14.901960784313726	4607	22:13:00
602602	14.901960784313726	4607	22:13:00
614925	14.901960784313726	4607	22:13:00
622325	14.901960784313726	4607	22:13:00
10|6
453396	14.901960784313726	3546	10:12:00
587636	14.901960784313726	3546	10:12:00
591461	14.901960784313726	3546	10:12:00
596241	14.901960784313726	3546	10:12:00
612520	14.901960784313726	3546	10:12:00
616649	14.901960784313726	3546	10:12:00
11|6
533053	14.901960784313726	4665	22:26:00
2273	14.901960784313726	4670	19:46:00
117627	14.901960784313726	4670	19:47:00
436796	14.901960784313726	4670	19:48:00
613923	14.901960784313726	4670	19:52:00
359283	14.901960784313726	4670	19:56:00
12|6
275010	14.901960784313726	5070	00:06:00
46030	14.901960784313726	5070	00:17:00
29235	14.901960784313726	5070	00:19:00
498179	14.901960784313726	5070	00:19:00
556541	14.901960784313726	5070	00:19:00
558814	14.901960784313726	5172	14:59:00
13|6
546992	14.901960784313726	4980	00:39:00
567726	14.901960784313726	4980	00:39:00
583090	14.901960784313726	4980	00:39:00
587636	14.901960784313726	4980	00:39:00
616649	14.901960784313726	4980	00:39:00
617646	14.901960784313726	4980	00:39:00
14|6
543905	14.901960784313726	5387	10:21:00
572538	14.901960784313726	5387	10:21:00
28590	14.901960784313726	5391	05:24:00
268594	14.901960784313726	5392	14:37:00
308881	14.901960784313726	5392	14:37:00
334831	14.901960784313726	5392	14:37:00
15|6
281112	14.901960784313726	5712	16:08:00
309256	14.901960784313726	5721	07:15:00
496762	14.901960784313726	5731	09:54:00
614925	14.901960784313726	5735	06:47:00
165824	14.901960784313726	5743	07:40:00
367313	14.901960784313726	5771	08:08:00
16|6
550452	14.901960784313726	5135	20:54:00
56437	14.901960784313726	5137	21:16:00
13379	14.901960784313726	5141	20:35:00
39046	14.901960784313726	5141	20:53:00
405897	14.901960784313726	5156	16:44:00
267723	14.901960784313726	5189	10:04:00
17|6
25205	14.901960784313726	4934	13:12:00
103410	14.901960784313726	4935	22:39:00
624550	14.901960784313726	4935	22:44:00
338242	14.901960784313726	4935	22:48:00
25311	14.901960784313726	4935	22:57:00
47310	14.901960784313726	4935	22:58:00
18|6
359811	14.901960784313726	5886	09:59:00
576535	14.901960784313726	5886	09:59:00
260310	14.901960784313726	5950	23:02:00
49509	14.901960784313726	6161	18:54:00
206975	14.901960784313726	6161	18:54:00
252459	14.901960784313726	6161	19:52:00
19|6
539904	14.901960784313726	4896	12:27:00
548098	14.901960784313726	4896	12:27:00
592747	14.901960784313726	4896	12:27:00
600770	14.901960784313726	4896	12:27:00
608376	14.901960784313726	4896	12:27:00
622325	14.901960784313726	4896	12:27:00
20|6
489371	14.901960784313726	4025	13:01:00
517526	14.901960784313726	4025	13:01:00
538823	14.901960784313726	4025	13:01:00
540934	14.901960784313726	4025	13:01:00
600770	14.901960784313726	4025	13:01:00
607946	14.901960784313726	4025	13:01:00
21|6
116469	14.901960784313726	4477	20:08:00
33730	14.901960784313726	4477	20:11:00
100025	14.901960784313726	4477	20:11:00
95970	14.901960784313726	4477	20:15:00
267723	14.901960784313726	4477	20:15:00
449769	14.901960784313726	4477	20:15:00
22|6
559390	14.901960784313726	4394	19:58:00
152442	14.901960784313726	4394	20:53:00
182003	14.901960784313726	4394	20:53:00
225679	14.901960784313726	4394	20:53:00
41414	14.901960784313726	4394	21:00:00
106447	14.901960784313726	4423	15:53:00
23|6
540166	14.901960784313726	4736	06:24:00
389637	14.901960784313726	4739	03:02:00
44531	14.901960784313726	4797	05:16:00
130559	14.901960784313726	4800	03:17:00
173049	14.901960784313726	4801	01:57:00
48550	14.901960784313726	4892	02:30:00
24|6
459622	14.901960784313726	5029	13:41:00
112126	14.901960784313726	5038	14:19:00
614925	14.901960784313726	5074	10:24:00
489371	14.901960784313726	5092	13:59:00
85222	14.901960784313726	5121	08:19:00
181089	14.901960784313726	5121	09:07:00
25|6
563692	14.901960784313726	3652	23:16:00
582591	14.901960784313726	3652	23:16:00
600770	14.901960784313726	3652	23:16:00
607946	14.901960784313726	3652	23:16:00
274703	14.901960784313726	3652	23:17:00
362307	14.901960784313726	3652	23:19:00
26|6
614243	14.901960784313726	4315	19:25:00
617646	14.901960784313726	4315	19:25:00
622325	14.901960784313726	4315	19:25:00
55629	14.901960784313726	4315	19:32:00
363904	14.901960784313726	4315	19:32:00
373402	14.901960784313726	4315	19:32:00
27|6
169081	14.901960784313726	4637	07:48:00
386683	14.901960784313726	4637	07:48:00
224051	14.901960784313726	4703	06:34:00
436056	14.901960784313726	4800	15:25:00
473055	14.901960784313726	4902	17:21:00
26226	14.901960784313726	4902	17:29:00
28|6
75707	14.901960784313726	6028	02:29:00
397543	14.901960784313726	6028	02:29:00
298685	14.901960784313726	6028	02:32:00
75410	14.901960784313726	6028	02:34:00
567631	14.901960784313726	6028	02:34:00
578903	14.901960784313726	6028	02:39:00
29|6
184754	14.901960784313726	5518	03:54:00
556366	14.901960784313726	5518	03:54:00
238646	14.901960784313726	5518	03:56:00
7876	14.901960784313726	5518	03:57:00
302000	14.901960784313726	5518	03:57:00
569396	14.901960784313726	5619	19:41:00
30|6
267846	14.901960784313726	3630	21:31:00
467178	14.901960784313726	3630	21:31:00
444949	14.901960784313726	4709	13:03:00
489457	14.901960784313726	4709	13:14:00
529957	14.901960784313726	4709	13:16:00
552786	14.901960784313726	4709	13:24:00
31|6
123929	14.901960784313726	5344	20:38:00
98718	14.901960784313726	5352	09:05:00
195434	14.901960784313726	5353	23:27:00
588686	14.901960784313726	5353	23:35:00
604347	14.901960784313726	5370	16:36:00
17497	14.901960784313726	5414	18:31:00
32|6
358441	14.901960784313726	4308	18:24:00
440694	14.901960784313726	4308	18:24:00
577474	14.901960784313726	4308	18:24:00
266281	14.901960784313726	4308	18:25:00
371598	14.901960784313726	4308	18:25:00
564115	14.901960784313726	4308	18:25:00
33|6
75943	14.901960784313726	4063	08:45:00
355155	14.901960784313726	4063	08:53:00
564115	14.901960784313726	4063	08:54:00
364683	14.901960784313726	4063	09:01:00
437608	14.901960784313726	4063	09:01:00
603145	14.901960784313726	4063	09:01:00
34|6
1188	14.901960784313726	4384	15:40:00
4132	14.901960784313726	4384	15:40:00
30125	14.901960784313726	4384	15:40:00
36422	14.901960784313726	4384	15:40:00
421158	14.901960784313726	4384	15:40:00
482854	14.901960784313726	4384	15:40:00
35|6
529098	14.901960784313726	5494	14:35:00
559371	14.901960784313726	5494	15:48:00
237542	14.901960784313726	5494	15:50:00
549463	14.901960784313726	5494	15:50:00
381626	14.901960784313726	5494	16:17:00
407756	14.901960784313726	5494	16:17:00
36|6
571905	14.901960784313726	4001	20:14:00
198370	14.901960784313726	4002	16:25:00
347177	14.901960784313726	4002	16:37:00
27598	14.901960784313726	4002	16:55:00
551806	14.901960784313726	4002	16:56:00
193586	14.901960784313726	4002	17:29:00
37|6
169627	14.901960784313726	5122	13:00:00
130254	14.901960784313726	5122	13:04:00
141393	14.901960784313726	5122	13:04:00
469645	14.901960784313726	5122	14:08:00
84209	14.901960784313726	5122	15:39:00
280641	14.901960784313726	5122	15:46:00
38|6
504528	14.901960784313726	5397	07:55:00
517718	14.901960784313726	5397	07:55:00
532569	14.901960784313726	5397	07:55:00
614243	14.901960784313726	5397	07:55:00
614925	14.901960784313726	5397	07:55:00
622325	14.901960784313726	5397	07:55:00
39|6
614925	14.901960784313726	4316	22:00:00
34525	14.901960784313726	4316	22:31:00
540166	14.901960784313726	4316	22:31:00
327744	14.901960784313726	4316	22:34:00
9986	14.901960784313726	4316	22:38:00
536930	14.901960784313726	4316	22:38:00
40|6
328269	14.901960784313726	4596	07:29:00
195544	14.901960784313726	4596	07:32:00
186013	14.901960784313726	4596	07:35:00
213529	14.901960784313726	4596	07:35:00
257054	14.901960784313726	4596	07:35:00
509660	14.901960784313726	4596	07:40:00
41|6
498148	14.901960784313726	3878	14:36:00
113311	14.901960784313726	3883	01:17:00
571579	14.901960784313726	3972	15:05:00
199025	14.901960784313726	4303	21:08:00
375693	14.901960784313726	4303	21:08:00
591163	14.901960784313726	4303	21:08:00
42|6
134908	14.901960784313726	4596	13:45:00
303711	14.901960784313726	4597	08:56:00
3669	14.901960784313726	4597	09:58:00
458099	14.901960784313726	4598	08:21:00
82555	14.901960784313726	4598	10:13:00
248920	14.901960784313726	4598	10:13:00
43|6
309068	14.901960784313726	4635	00:15:00
328957	14.901960784313726	4635	00:15:00
376863	14.901960784313726	4635	00:15:00
60117	14.901960784313726	4635	00:20:00
409361	14.901960784313726	4635	00:20:00
581975	14.901960784313726	4641	08:55:00
