0|6
550452	15.686274509803921	5229	18:10:00
323933	15.686274509803921	5802	11:05:00
159248	15.686274509803921	5802	11:27:00
554099	15.686274509803921	5815	16:02:00
70896	15.686274509803921	5815	16:26:00
518385	15.686274509803921	5815	16:38:00
1|6
614243	15.686274509803921	5424	15:27:00
616649	15.686274509803921	5424	15:27:00
617646	15.686274509803921	5424	15:27:00
620594	15.686274509803921	5424	15:27:00
622325	15.686274509803921	5424	15:27:00
623778	15.686274509803921	5424	15:27:00
2|6
521716	15.686274509803921	4220	10:26:00
531386	15.686274509803921	4220	10:26:00
534002	15.686274509803921	4220	10:26:00
602548	15.686274509803921	4220	10:26:00
297989	15.686274509803921	5332	13:11:00
532569	15.686274509803921	5332	13:13:00
3|6
266898	15.686274509803921	3811	14:01:00
577089	15.686274509803921	3811	14:07:00
418340	15.686274509803921	3811	14:50:00
489371	15.686274509803921	4387	18:43:00
541471	15.686274509803921	4387	19:16:00
230010	15.686274509803921	4458	14:32:00
4|6
160409	15.686274509803921	4859	11:24:00
309265	15.686274509803921	4866	13:54:00
566574	15.686274509803921	4866	13:54:00
94767	15.686274509803921	4885	13:18:00
617491	15.686274509803921	4893	13:40:00
561044	15.686274509803921	4894	13:41:00
5|6
55372	15.686274509803921	5226	13:41:00
568050	15.686274509803921	5226	13:41:00
614805	15.686274509803921	5226	13:41:00
374622	15.686274509803921	5226	13:42:00
390355	15.686274509803921	5226	13:42:00
600781	15.686274509803921	5226	13:42:00
6|6
34428	15.686274509803921	5092	15:36:00
370386	15.686274509803921	5092	15:36:00
614925	15.686274509803921	5092	15:37:00
248723	15.686274509803921	5092	15:40:00
252962	15.686274509803921	5092	15:40:00
504528	15.686274509803921	5092	15:40:00
7|6
591369	15.686274509803921	6033	19:54:00
28621	15.686274509803921	6033	19:55:00
40189	15.686274509803921	6033	19:55:00
434891	15.686274509803921	6033	19:55:00
80657	15.686274509803921	6033	19:57:00
532790	15.686274509803921	6033	20:00:00
8|6
532569	15.686274509803921	4998	14:28:00
558154	15.686274509803921	4998	14:28:00
569179	15.686274509803921	4998	14:28:00
574204	15.686274509803921	4998	14:28:00
622325	15.686274509803921	4998	14:28:00
213829	15.686274509803921	4998	14:50:00
9|6
531386	15.686274509803921	4607	22:13:00
532569	15.686274509803921	4607	22:13:00
592747	15.686274509803921	4607	22:13:00
602602	15.686274509803921	4607	22:13:00
614925	15.686274509803921	4607	22:13:00
622325	15.686274509803921	4607	22:13:00
10|6
453396	15.686274509803921	3546	10:12:00
587636	15.686274509803921	3546	10:12:00
591461	15.686274509803921	3546	10:12:00
596241	15.686274509803921	3546	10:12:00
612520	15.686274509803921	3546	10:12:00
616649	15.686274509803921	3546	10:12:00
11|6
533053	15.686274509803921	4665	22:26:00
2273	15.686274509803921	4670	19:46:00
117627	15.686274509803921	4670	19:47:00
436796	15.686274509803921	4670	19:48:00
613923	15.686274509803921	4670	19:52:00
359283	15.686274509803921	4670	19:56:00
12|6
275010	15.686274509803921	5070	00:06:00
46030	15.686274509803921	5070	00:17:00
29235	15.686274509803921	5070	00:19:00
498179	15.686274509803921	5070	00:19:00
556541	15.686274509803921	5070	00:19:00
558814	15.686274509803921	5172	14:59:00
13|6
546992	15.686274509803921	4980	00:39:00
567726	15.686274509803921	4980	00:39:00
583090	15.686274509803921	4980	00:39:00
587636	15.686274509803921	4980	00:39:00
616649	15.686274509803921	4980	00:39:00
617646	15.686274509803921	4980	00:39:00
14|6
543905	15.686274509803921	5387	10:21:00
572538	15.686274509803921	5387	10:21:00
28590	15.686274509803921	5391	05:24:00
268594	15.686274509803921	5392	14:37:00
308881	15.686274509803921	5392	14:37:00
334831	15.686274509803921	5392	14:37:00
15|6
281112	15.686274509803921	5712	16:08:00
309256	15.686274509803921	5721	07:15:00
496762	15.686274509803921	5731	09:54:00
614925	15.686274509803921	5735	06:47:00
165824	15.686274509803921	5743	07:40:00
367313	15.686274509803921	5771	08:08:00
16|6
550452	15.686274509803921	5135	20:54:00
56437	15.686274509803921	5137	21:16:00
13379	15.686274509803921	5141	20:35:00
39046	15.686274509803921	5141	20:53:00
405897	15.686274509803921	5156	16:44:00
267723	15.686274509803921	5189	10:04:00
17|6
25205	15.686274509803921	4934	13:12:00
103410	15.686274509803921	4935	22:39:00
624550	15.686274509803921	4935	22:44:00
338242	15.686274509803921	4935	22:48:00
25311	15.686274509803921	4935	22:57:00
47310	15.686274509803921	4935	22:58:00
18|6
359811	15.686274509803921	5886	09:59:00
576535	15.686274509803921	5886	09:59:00
260310	15.686274509803921	5950	23:02:00
49509	15.686274509803921	6161	18:54:00
206975	15.686274509803921	6161	18:54:00
252459	15.686274509803921	6161	19:52:00
19|6
539904	15.686274509803921	4896	12:27:00
548098	15.686274509803921	4896	12:27:00
592747	15.686274509803921	4896	12:27:00
600770	15.686274509803921	4896	12:27:00
608376	15.686274509803921	4896	12:27:00
622325	15.686274509803921	4896	12:27:00
20|6
489371	15.686274509803921	4025	13:01:00
517526	15.686274509803921	4025	13:01:00
538823	15.686274509803921	4025	13:01:00
540934	15.686274509803921	4025	13:01:00
600770	15.686274509803921	4025	13:01:00
607946	15.686274509803921	4025	13:01:00
21|6
116469	15.686274509803921	4477	20:08:00
33730	15.686274509803921	4477	20:11:00
100025	15.686274509803921	4477	20:11:00
95970	15.686274509803921	4477	20:15:00
267723	15.686274509803921	4477	20:15:00
449769	15.686274509803921	4477	20:15:00
22|6
559390	15.686274509803921	4394	19:58:00
152442	15.686274509803921	4394	20:53:00
182003	15.686274509803921	4394	20:53:00
225679	15.686274509803921	4394	20:53:00
41414	15.686274509803921	4394	21:00:00
106447	15.686274509803921	4423	15:53:00
23|6
540166	15.686274509803921	4736	06:24:00
389637	15.686274509803921	4739	03:02:00
44531	15.686274509803921	4797	05:16:00
130559	15.686274509803921	4800	03:17:00
173049	15.686274509803921	4801	01:57:00
48550	15.686274509803921	4892	02:30:00
24|6
459622	15.686274509803921	5029	13:41:00
112126	15.686274509803921	5038	14:19:00
614925	15.686274509803921	5074	10:24:00
489371	15.686274509803921	5092	13:59:00
85222	15.686274509803921	5121	08:19:00
181089	15.686274509803921	5121	09:07:00
25|6
563692	15.686274509803921	3652	23:16:00
582591	15.686274509803921	3652	23:16:00
600770	15.686274509803921	3652	23:16:00
607946	15.686274509803921	3652	23:16:00
274703	15.686274509803921	3652	23:17:00
362307	15.686274509803921	3652	23:19:00
26|6
614243	15.686274509803921	4315	19:25:00
617646	15.686274509803921	4315	19:25:00
622325	15.686274509803921	4315	19:25:00
55629	15.686274509803921	4315	19:32:00
363904	15.686274509803921	4315	19:32:00
373402	15.686274509803921	4315	19:32:00
27|6
169081	15.686274509803921	4637	07:48:00
386683	15.686274509803921	4637	07:48:00
224051	15.686274509803921	4703	06:34:00
436056	15.686274509803921	4800	15:25:00
473055	15.686274509803921	4902	17:21:00
26226	15.686274509803921	4902	17:29:00
28|6
75707	15.686274509803921	6028	02:29:00
397543	15.686274509803921	6028	02:29:00
298685	15.686274509803921	6028	02:32:00
75410	15.686274509803921	6028	02:34:00
567631	15.686274509803921	6028	02:34:00
578903	15.686274509803921	6028	02:39:00
29|6
184754	15.686274509803921	5518	03:54:00
556366	15.686274509803921	5518	03:54:00
238646	15.686274509803921	5518	03:56:00
7876	15.686274509803921	5518	03:57:00
302000	15.686274509803921	5518	03:57:00
569396	15.686274509803921	5619	19:41:00
30|6
267846	15.686274509803921	3630	21:31:00
467178	15.686274509803921	3630	21:31:00
444949	15.686274509803921	4709	13:03:00
489457	15.686274509803921	4709	13:14:00
529957	15.686274509803921	4709	13:16:00
552786	15.686274509803921	4709	13:24:00
31|6
123929	15.686274509803921	5344	20:38:00
98718	15.686274509803921	5352	09:05:00
195434	15.686274509803921	5353	23:27:00
588686	15.686274509803921	5353	23:35:00
604347	15.686274509803921	5370	16:36:00
17497	15.686274509803921	5414	18:31:00
32|6
358441	15.686274509803921	4308	18:24:00
440694	15.686274509803921	4308	18:24:00
577474	15.686274509803921	4308	18:24:00
266281	15.686274509803921	4308	18:25:00
371598	15.686274509803921	4308	18:25:00
564115	15.686274509803921	4308	18:25:00
33|6
75943	15.686274509803921	4063	08:45:00
355155	15.686274509803921	4063	08:53:00
564115	15.686274509803921	4063	08:54:00
364683	15.686274509803921	4063	09:01:00
437608	15.686274509803921	4063	09:01:00
603145	15.686274509803921	4063	09:01:00
34|6
1188	15.686274509803921	4384	15:40:00
4132	15.686274509803921	4384	15:40:00
30125	15.686274509803921	4384	15:40:00
36422	15.686274509803921	4384	15:40:00
421158	15.686274509803921	4384	15:40:00
482854	15.686274509803921	4384	15:40:00
35|6
529098	15.686274509803921	5494	14:35:00
559371	15.686274509803921	5494	15:48:00
237542	15.686274509803921	5494	15:50:00
549463	15.686274509803921	5494	15:50:00
381626	15.686274509803921	5494	16:17:00
407756	15.686274509803921	5494	16:17:00
36|6
571905	15.686274509803921	4001	20:14:00
198370	15.686274509803921	4002	16:25:00
347177	15.686274509803921	4002	16:37:00
27598	15.686274509803921	4002	16:55:00
551806	15.686274509803921	4002	16:56:00
193586	15.686274509803921	4002	17:29:00
37|6
169627	15.686274509803921	5122	13:00:00
130254	15.686274509803921	5122	13:04:00
141393	15.686274509803921	5122	13:04:00
469645	15.686274509803921	5122	14:08:00
84209	15.686274509803921	5122	15:39:00
280641	15.686274509803921	5122	15:46:00
38|6
504528	15.686274509803921	5397	07:55:00
517718	15.686274509803921	5397	07:55:00
532569	15.686274509803921	5397	07:55:00
614243	15.686274509803921	5397	07:55:00
614925	15.686274509803921	5397	07:55:00
622325	15.686274509803921	5397	07:55:00
39|6
614925	15.686274509803921	4316	22:00:00
34525	15.686274509803921	4316	22:31:00
540166	15.686274509803921	4316	22:31:00
327744	15.686274509803921	4316	22:34:00
9986	15.686274509803921	4316	22:38:00
536930	15.686274509803921	4316	22:38:00
40|6
328269	15.686274509803921	4596	07:29:00
195544	15.686274509803921	4596	07:32:00
186013	15.686274509803921	4596	07:35:00
213529	15.686274509803921	4596	07:35:00
257054	15.686274509803921	4596	07:35:00
509660	15.686274509803921	4596	07:40:00
41|6
498148	15.686274509803921	3878	14:36:00
113311	15.686274509803921	3883	01:17:00
571579	15.686274509803921	3972	15:05:00
199025	15.686274509803921	4303	21:08:00
375693	15.686274509803921	4303	21:08:00
591163	15.686274509803921	4303	21:08:00
42|6
134908	15.686274509803921	4596	13:45:00
303711	15.686274509803921	4597	08:56:00
3669	15.686274509803921	4597	09:58:00
458099	15.686274509803921	4598	08:21:00
82555	15.686274509803921	4598	10:13:00
248920	15.686274509803921	4598	10:13:00
43|6
309068	15.686274509803921	4635	00:15:00
328957	15.686274509803921	4635	00:15:00
376863	15.686274509803921	4635	00:15:00
60117	15.686274509803921	4635	00:20:00
409361	15.686274509803921	4635	00:20:00
581975	15.686274509803921	4641	08:55:00
