0|6
550452	16.862745098039216	5229	18:10:00
323933	16.862745098039216	5802	11:05:00
159248	16.862745098039216	5802	11:27:00
554099	16.862745098039216	5815	16:02:00
70896	16.862745098039216	5815	16:26:00
518385	16.862745098039216	5815	16:38:00
1|6
614243	16.862745098039216	5424	15:27:00
616649	16.862745098039216	5424	15:27:00
617646	16.862745098039216	5424	15:27:00
620594	16.862745098039216	5424	15:27:00
622325	16.862745098039216	5424	15:27:00
623778	16.862745098039216	5424	15:27:00
2|6
521716	16.862745098039216	4220	10:26:00
531386	16.862745098039216	4220	10:26:00
534002	16.862745098039216	4220	10:26:00
602548	16.862745098039216	4220	10:26:00
297989	16.862745098039216	5332	13:11:00
532569	16.862745098039216	5332	13:13:00
3|6
266898	16.862745098039216	3811	14:01:00
577089	16.862745098039216	3811	14:07:00
418340	16.862745098039216	3811	14:50:00
489371	16.862745098039216	4387	18:43:00
541471	16.862745098039216	4387	19:16:00
230010	16.862745098039216	4458	14:32:00
4|6
160409	16.862745098039216	4859	11:24:00
309265	16.862745098039216	4866	13:54:00
566574	16.862745098039216	4866	13:54:00
94767	16.862745098039216	4885	13:18:00
617491	16.862745098039216	4893	13:40:00
561044	16.862745098039216	4894	13:41:00
5|6
55372	16.862745098039216	5226	13:41:00
568050	16.862745098039216	5226	13:41:00
614805	16.862745098039216	5226	13:41:00
374622	16.862745098039216	5226	13:42:00
390355	16.862745098039216	5226	13:42:00
600781	16.862745098039216	5226	13:42:00
6|6
34428	16.862745098039216	5092	15:36:00
370386	16.862745098039216	5092	15:36:00
614925	16.862745098039216	5092	15:37:00
248723	16.862745098039216	5092	15:40:00
252962	16.862745098039216	5092	15:40:00
504528	16.862745098039216	5092	15:40:00
7|6
591369	16.862745098039216	6033	19:54:00
28621	16.862745098039216	6033	19:55:00
40189	16.862745098039216	6033	19:55:00
434891	16.862745098039216	6033	19:55:00
80657	16.862745098039216	6033	19:57:00
532790	16.862745098039216	6033	20:00:00
8|6
532569	16.862745098039216	4998	14:28:00
558154	16.862745098039216	4998	14:28:00
569179	16.862745098039216	4998	14:28:00
574204	16.862745098039216	4998	14:28:00
622325	16.862745098039216	4998	14:28:00
213829	16.862745098039216	4998	14:50:00
9|6
531386	16.862745098039216	4607	22:13:00
532569	16.862745098039216	4607	22:13:00
592747	16.862745098039216	4607	22:13:00
602602	16.862745098039216	4607	22:13:00
614925	16.862745098039216	4607	22:13:00
622325	16.862745098039216	4607	22:13:00
10|6
453396	16.862745098039216	3546	10:12:00
587636	16.862745098039216	3546	10:12:00
591461	16.862745098039216	3546	10:12:00
596241	16.862745098039216	3546	10:12:00
612520	16.862745098039216	3546	10:12:00
616649	16.862745098039216	3546	10:12:00
11|6
533053	16.862745098039216	4665	22:26:00
2273	16.862745098039216	4670	19:46:00
117627	16.862745098039216	4670	19:47:00
436796	16.862745098039216	4670	19:48:00
613923	16.862745098039216	4670	19:52:00
359283	16.862745098039216	4670	19:56:00
12|6
275010	16.862745098039216	5070	00:06:00
46030	16.862745098039216	5070	00:17:00
29235	16.862745098039216	5070	00:19:00
498179	16.862745098039216	5070	00:19:00
556541	16.862745098039216	5070	00:19:00
558814	16.862745098039216	5172	14:59:00
13|6
546992	16.862745098039216	4980	00:39:00
567726	16.862745098039216	4980	00:39:00
583090	16.862745098039216	4980	00:39:00
587636	16.862745098039216	4980	00:39:00
616649	16.862745098039216	4980	00:39:00
617646	16.862745098039216	4980	00:39:00
14|6
543905	16.862745098039216	5387	10:21:00
572538	16.862745098039216	5387	10:21:00
28590	16.862745098039216	5391	05:24:00
268594	16.862745098039216	5392	14:37:00
308881	16.862745098039216	5392	14:37:00
334831	16.862745098039216	5392	14:37:00
15|6
281112	16.862745098039216	5712	16:08:00
309256	16.862745098039216	5721	07:15:00
496762	16.862745098039216	5731	09:54:00
614925	16.862745098039216	5735	06:47:00
165824	16.862745098039216	5743	07:40:00
367313	16.862745098039216	5771	08:08:00
16|6
550452	16.862745098039216	5135	20:54:00
56437	16.862745098039216	5137	21:16:00
13379	16.862745098039216	5141	20:35:00
39046	16.862745098039216	5141	20:53:00
405897	16.862745098039216	5156	16:44:00
267723	16.862745098039216	5189	10:04:00
17|6
25205	16.862745098039216	4934	13:12:00
103410	16.862745098039216	4935	22:39:00
624550	16.862745098039216	4935	22:44:00
338242	16.862745098039216	4935	22:48:00
25311	16.862745098039216	4935	22:57:00
47310	16.862745098039216	4935	22:58:00
18|6
359811	16.862745098039216	5886	09:59:00
576535	16.862745098039216	5886	09:59:00
260310	16.862745098039216	5950	23:02:00
49509	16.862745098039216	6161	18:54:00
206975	16.862745098039216	6161	18:54:00
252459	16.862745098039216	6161	19:52:00
19|6
539904	16.862745098039216	4896	12:27:00
548098	16.862745098039216	4896	12:27:00
592747	16.862745098039216	4896	12:27:00
600770	16.862745098039216	4896	12:27:00
608376	16.862745098039216	4896	12:27:00
622325	16.862745098039216	4896	12:27:00
20|6
489371	16.862745098039216	4025	13:01:00
517526	16.862745098039216	4025	13:01:00
538823	16.862745098039216	4025	13:01:00
540934	16.862745098039216	4025	13:01:00
600770	16.862745098039216	4025	13:01:00
607946	16.862745098039216	4025	13:01:00
21|6
116469	16.862745098039216	4477	20:08:00
33730	16.862745098039216	4477	20:11:00
100025	16.862745098039216	4477	20:11:00
95970	16.862745098039216	4477	20:15:00
267723	16.862745098039216	4477	20:15:00
449769	16.862745098039216	4477	20:15:00
22|6
559390	16.862745098039216	4394	19:58:00
152442	16.862745098039216	4394	20:53:00
182003	16.862745098039216	4394	20:53:00
225679	16.862745098039216	4394	20:53:00
41414	16.862745098039216	4394	21:00:00
106447	16.862745098039216	4423	15:53:00
23|6
540166	16.862745098039216	4736	06:24:00
389637	16.862745098039216	4739	03:02:00
44531	16.862745098039216	4797	05:16:00
130559	16.862745098039216	4800	03:17:00
173049	16.862745098039216	4801	01:57:00
48550	16.862745098039216	4892	02:30:00
24|6
459622	16.862745098039216	5029	13:41:00
112126	16.862745098039216	5038	14:19:00
614925	16.862745098039216	5074	10:24:00
489371	16.862745098039216	5092	13:59:00
85222	16.862745098039216	5121	08:19:00
181089	16.862745098039216	5121	09:07:00
25|6
563692	16.862745098039216	3652	23:16:00
582591	16.862745098039216	3652	23:16:00
600770	16.862745098039216	3652	23:16:00
607946	16.862745098039216	3652	23:16:00
274703	16.862745098039216	3652	23:17:00
362307	16.862745098039216	3652	23:19:00
26|6
614243	16.862745098039216	4315	19:25:00
617646	16.862745098039216	4315	19:25:00
622325	16.862745098039216	4315	19:25:00
55629	16.862745098039216	4315	19:32:00
363904	16.862745098039216	4315	19:32:00
373402	16.862745098039216	4315	19:32:00
27|6
169081	16.862745098039216	4637	07:48:00
386683	16.862745098039216	4637	07:48:00
224051	16.862745098039216	4703	06:34:00
436056	16.862745098039216	4800	15:25:00
473055	16.862745098039216	4902	17:21:00
26226	16.862745098039216	4902	17:29:00
28|6
75707	16.862745098039216	6028	02:29:00
397543	16.862745098039216	6028	02:29:00
298685	16.862745098039216	6028	02:32:00
75410	16.862745098039216	6028	02:34:00
567631	16.862745098039216	6028	02:34:00
578903	16.862745098039216	6028	02:39:00
29|6
184754	16.862745098039216	5518	03:54:00
556366	16.862745098039216	5518	03:54:00
238646	16.862745098039216	5518	03:56:00
7876	16.862745098039216	5518	03:57:00
302000	16.862745098039216	5518	03:57:00
569396	16.862745098039216	5619	19:41:00
30|6
267846	16.862745098039216	3630	21:31:00
467178	16.862745098039216	3630	21:31:00
444949	16.862745098039216	4709	13:03:00
489457	16.862745098039216	4709	13:14:00
529957	16.862745098039216	4709	13:16:00
552786	16.862745098039216	4709	13:24:00
31|6
123929	16.862745098039216	5344	20:38:00
98718	16.862745098039216	5352	09:05:00
195434	16.862745098039216	5353	23:27:00
588686	16.862745098039216	5353	23:35:00
604347	16.862745098039216	5370	16:36:00
17497	16.862745098039216	5414	18:31:00
32|6
358441	16.862745098039216	4308	18:24:00
440694	16.862745098039216	4308	18:24:00
577474	16.862745098039216	4308	18:24:00
266281	16.862745098039216	4308	18:25:00
371598	16.862745098039216	4308	18:25:00
564115	16.862745098039216	4308	18:25:00
33|6
75943	16.862745098039216	4063	08:45:00
355155	16.862745098039216	4063	08:53:00
564115	16.862745098039216	4063	08:54:00
364683	16.862745098039216	4063	09:01:00
437608	16.862745098039216	4063	09:01:00
603145	16.862745098039216	4063	09:01:00
34|6
1188	16.862745098039216	4384	15:40:00
4132	16.862745098039216	4384	15:40:00
30125	16.862745098039216	4384	15:40:00
36422	16.862745098039216	4384	15:40:00
421158	16.862745098039216	4384	15:40:00
482854	16.862745098039216	4384	15:40:00
35|6
529098	16.862745098039216	5494	14:35:00
559371	16.862745098039216	5494	15:48:00
237542	16.862745098039216	5494	15:50:00
549463	16.862745098039216	5494	15:50:00
381626	16.862745098039216	5494	16:17:00
407756	16.862745098039216	5494	16:17:00
36|6
571905	16.862745098039216	4001	20:14:00
198370	16.862745098039216	4002	16:25:00
347177	16.862745098039216	4002	16:37:00
27598	16.862745098039216	4002	16:55:00
551806	16.862745098039216	4002	16:56:00
193586	16.862745098039216	4002	17:29:00
37|6
169627	16.862745098039216	5122	13:00:00
130254	16.862745098039216	5122	13:04:00
141393	16.862745098039216	5122	13:04:00
469645	16.862745098039216	5122	14:08:00
84209	16.862745098039216	5122	15:39:00
280641	16.862745098039216	5122	15:46:00
38|6
504528	16.862745098039216	5397	07:55:00
517718	16.862745098039216	5397	07:55:00
532569	16.862745098039216	5397	07:55:00
614243	16.862745098039216	5397	07:55:00
614925	16.862745098039216	5397	07:55:00
622325	16.862745098039216	5397	07:55:00
39|6
614925	16.862745098039216	4316	22:00:00
34525	16.862745098039216	4316	22:31:00
540166	16.862745098039216	4316	22:31:00
327744	16.862745098039216	4316	22:34:00
9986	16.862745098039216	4316	22:38:00
536930	16.862745098039216	4316	22:38:00
40|6
328269	16.862745098039216	4596	07:29:00
195544	16.862745098039216	4596	07:32:00
186013	16.862745098039216	4596	07:35:00
213529	16.862745098039216	4596	07:35:00
257054	16.862745098039216	4596	07:35:00
509660	16.862745098039216	4596	07:40:00
41|6
498148	16.862745098039216	3878	14:36:00
113311	16.862745098039216	3883	01:17:00
571579	16.862745098039216	3972	15:05:00
199025	16.862745098039216	4303	21:08:00
375693	16.862745098039216	4303	21:08:00
591163	16.862745098039216	4303	21:08:00
42|6
134908	16.862745098039216	4596	13:45:00
303711	16.862745098039216	4597	08:56:00
3669	16.862745098039216	4597	09:58:00
458099	16.862745098039216	4598	08:21:00
82555	16.862745098039216	4598	10:13:00
248920	16.862745098039216	4598	10:13:00
43|6
309068	16.862745098039216	4635	00:15:00
328957	16.862745098039216	4635	00:15:00
376863	16.862745098039216	4635	00:15:00
60117	16.862745098039216	4635	00:20:00
409361	16.862745098039216	4635	00:20:00
581975	16.862745098039216	4641	08:55:00
