0|6
550452	17.647058823529413	5229	18:10:00
323933	17.647058823529413	5802	11:05:00
159248	17.647058823529413	5802	11:27:00
554099	17.647058823529413	5815	16:02:00
70896	17.647058823529413	5815	16:26:00
518385	17.647058823529413	5815	16:38:00
1|6
614243	17.647058823529413	5424	15:27:00
616649	17.647058823529413	5424	15:27:00
617646	17.647058823529413	5424	15:27:00
620594	17.647058823529413	5424	15:27:00
622325	17.647058823529413	5424	15:27:00
623778	17.647058823529413	5424	15:27:00
2|6
521716	17.647058823529413	4220	10:26:00
531386	17.647058823529413	4220	10:26:00
534002	17.647058823529413	4220	10:26:00
602548	17.647058823529413	4220	10:26:00
297989	17.647058823529413	5332	13:11:00
532569	17.647058823529413	5332	13:13:00
3|6
266898	17.647058823529413	3811	14:01:00
577089	17.647058823529413	3811	14:07:00
418340	17.647058823529413	3811	14:50:00
489371	17.647058823529413	4387	18:43:00
541471	17.647058823529413	4387	19:16:00
230010	17.647058823529413	4458	14:32:00
4|6
160409	17.647058823529413	4859	11:24:00
309265	17.647058823529413	4866	13:54:00
566574	17.647058823529413	4866	13:54:00
94767	17.647058823529413	4885	13:18:00
617491	17.647058823529413	4893	13:40:00
561044	17.647058823529413	4894	13:41:00
5|6
55372	17.647058823529413	5226	13:41:00
568050	17.647058823529413	5226	13:41:00
614805	17.647058823529413	5226	13:41:00
374622	17.647058823529413	5226	13:42:00
390355	17.647058823529413	5226	13:42:00
600781	17.647058823529413	5226	13:42:00
6|6
34428	17.647058823529413	5092	15:36:00
370386	17.647058823529413	5092	15:36:00
614925	17.647058823529413	5092	15:37:00
248723	17.647058823529413	5092	15:40:00
252962	17.647058823529413	5092	15:40:00
504528	17.647058823529413	5092	15:40:00
7|6
591369	17.647058823529413	6033	19:54:00
28621	17.647058823529413	6033	19:55:00
40189	17.647058823529413	6033	19:55:00
434891	17.647058823529413	6033	19:55:00
80657	17.647058823529413	6033	19:57:00
532790	17.647058823529413	6033	20:00:00
8|6
532569	17.647058823529413	4998	14:28:00
558154	17.647058823529413	4998	14:28:00
569179	17.647058823529413	4998	14:28:00
574204	17.647058823529413	4998	14:28:00
622325	17.647058823529413	4998	14:28:00
213829	17.647058823529413	4998	14:50:00
9|6
531386	17.647058823529413	4607	22:13:00
532569	17.647058823529413	4607	22:13:00
592747	17.647058823529413	4607	22:13:00
602602	17.647058823529413	4607	22:13:00
614925	17.647058823529413	4607	22:13:00
622325	17.647058823529413	4607	22:13:00
10|6
453396	17.647058823529413	3546	10:12:00
587636	17.647058823529413	3546	10:12:00
591461	17.647058823529413	3546	10:12:00
596241	17.647058823529413	3546	10:12:00
612520	17.647058823529413	3546	10:12:00
616649	17.647058823529413	3546	10:12:00
11|6
533053	17.647058823529413	4665	22:26:00
2273	17.647058823529413	4670	19:46:00
117627	17.647058823529413	4670	19:47:00
436796	17.647058823529413	4670	19:48:00
613923	17.647058823529413	4670	19:52:00
359283	17.647058823529413	4670	19:56:00
12|6
275010	17.647058823529413	5070	00:06:00
46030	17.647058823529413	5070	00:17:00
29235	17.647058823529413	5070	00:19:00
498179	17.647058823529413	5070	00:19:00
556541	17.647058823529413	5070	00:19:00
558814	17.647058823529413	5172	14:59:00
13|6
546992	17.647058823529413	4980	00:39:00
567726	17.647058823529413	4980	00:39:00
583090	17.647058823529413	4980	00:39:00
587636	17.647058823529413	4980	00:39:00
616649	17.647058823529413	4980	00:39:00
617646	17.647058823529413	4980	00:39:00
14|6
543905	17.647058823529413	5387	10:21:00
572538	17.647058823529413	5387	10:21:00
28590	17.647058823529413	5391	05:24:00
268594	17.647058823529413	5392	14:37:00
308881	17.647058823529413	5392	14:37:00
334831	17.647058823529413	5392	14:37:00
15|6
281112	17.647058823529413	5712	16:08:00
309256	17.647058823529413	5721	07:15:00
496762	17.647058823529413	5731	09:54:00
614925	17.647058823529413	5735	06:47:00
165824	17.647058823529413	5743	07:40:00
367313	17.647058823529413	5771	08:08:00
16|6
550452	17.647058823529413	5135	20:54:00
56437	17.647058823529413	5137	21:16:00
13379	17.647058823529413	5141	20:35:00
39046	17.647058823529413	5141	20:53:00
405897	17.647058823529413	5156	16:44:00
267723	17.647058823529413	5189	10:04:00
17|6
25205	17.647058823529413	4934	13:12:00
103410	17.647058823529413	4935	22:39:00
624550	17.647058823529413	4935	22:44:00
338242	17.647058823529413	4935	22:48:00
25311	17.647058823529413	4935	22:57:00
47310	17.647058823529413	4935	22:58:00
18|6
359811	17.647058823529413	5886	09:59:00
576535	17.647058823529413	5886	09:59:00
260310	17.647058823529413	5950	23:02:00
49509	17.647058823529413	6161	18:54:00
206975	17.647058823529413	6161	18:54:00
252459	17.647058823529413	6161	19:52:00
19|6
539904	17.647058823529413	4896	12:27:00
548098	17.647058823529413	4896	12:27:00
592747	17.647058823529413	4896	12:27:00
600770	17.647058823529413	4896	12:27:00
608376	17.647058823529413	4896	12:27:00
622325	17.647058823529413	4896	12:27:00
20|6
489371	17.647058823529413	4025	13:01:00
517526	17.647058823529413	4025	13:01:00
538823	17.647058823529413	4025	13:01:00
540934	17.647058823529413	4025	13:01:00
600770	17.647058823529413	4025	13:01:00
607946	17.647058823529413	4025	13:01:00
21|6
116469	17.647058823529413	4477	20:08:00
33730	17.647058823529413	4477	20:11:00
100025	17.647058823529413	4477	20:11:00
95970	17.647058823529413	4477	20:15:00
267723	17.647058823529413	4477	20:15:00
449769	17.647058823529413	4477	20:15:00
22|6
559390	17.647058823529413	4394	19:58:00
152442	17.647058823529413	4394	20:53:00
182003	17.647058823529413	4394	20:53:00
225679	17.647058823529413	4394	20:53:00
41414	17.647058823529413	4394	21:00:00
106447	17.647058823529413	4423	15:53:00
23|6
540166	17.647058823529413	4736	06:24:00
389637	17.647058823529413	4739	03:02:00
44531	17.647058823529413	4797	05:16:00
130559	17.647058823529413	4800	03:17:00
173049	17.647058823529413	4801	01:57:00
48550	17.647058823529413	4892	02:30:00
24|6
459622	17.647058823529413	5029	13:41:00
112126	17.647058823529413	5038	14:19:00
614925	17.647058823529413	5074	10:24:00
489371	17.647058823529413	5092	13:59:00
85222	17.647058823529413	5121	08:19:00
181089	17.647058823529413	5121	09:07:00
25|6
563692	17.647058823529413	3652	23:16:00
582591	17.647058823529413	3652	23:16:00
600770	17.647058823529413	3652	23:16:00
607946	17.647058823529413	3652	23:16:00
274703	17.647058823529413	3652	23:17:00
362307	17.647058823529413	3652	23:19:00
26|6
614243	17.647058823529413	4315	19:25:00
617646	17.647058823529413	4315	19:25:00
622325	17.647058823529413	4315	19:25:00
55629	17.647058823529413	4315	19:32:00
363904	17.647058823529413	4315	19:32:00
373402	17.647058823529413	4315	19:32:00
27|6
169081	17.647058823529413	4637	07:48:00
386683	17.647058823529413	4637	07:48:00
224051	17.647058823529413	4703	06:34:00
436056	17.647058823529413	4800	15:25:00
473055	17.647058823529413	4902	17:21:00
26226	17.647058823529413	4902	17:29:00
28|6
75707	17.647058823529413	6028	02:29:00
397543	17.647058823529413	6028	02:29:00
298685	17.647058823529413	6028	02:32:00
75410	17.647058823529413	6028	02:34:00
567631	17.647058823529413	6028	02:34:00
578903	17.647058823529413	6028	02:39:00
29|6
184754	17.647058823529413	5518	03:54:00
556366	17.647058823529413	5518	03:54:00
238646	17.647058823529413	5518	03:56:00
7876	17.647058823529413	5518	03:57:00
302000	17.647058823529413	5518	03:57:00
569396	17.647058823529413	5619	19:41:00
30|6
267846	17.647058823529413	3630	21:31:00
467178	17.647058823529413	3630	21:31:00
444949	17.647058823529413	4709	13:03:00
489457	17.647058823529413	4709	13:14:00
529957	17.647058823529413	4709	13:16:00
552786	17.647058823529413	4709	13:24:00
31|6
123929	17.647058823529413	5344	20:38:00
98718	17.647058823529413	5352	09:05:00
195434	17.647058823529413	5353	23:27:00
588686	17.647058823529413	5353	23:35:00
604347	17.647058823529413	5370	16:36:00
17497	17.647058823529413	5414	18:31:00
32|6
358441	17.647058823529413	4308	18:24:00
440694	17.647058823529413	4308	18:24:00
577474	17.647058823529413	4308	18:24:00
266281	17.647058823529413	4308	18:25:00
371598	17.647058823529413	4308	18:25:00
564115	17.647058823529413	4308	18:25:00
33|6
75943	17.647058823529413	4063	08:45:00
355155	17.647058823529413	4063	08:53:00
564115	17.647058823529413	4063	08:54:00
364683	17.647058823529413	4063	09:01:00
437608	17.647058823529413	4063	09:01:00
603145	17.647058823529413	4063	09:01:00
34|6
1188	17.647058823529413	4384	15:40:00
4132	17.647058823529413	4384	15:40:00
30125	17.647058823529413	4384	15:40:00
36422	17.647058823529413	4384	15:40:00
421158	17.647058823529413	4384	15:40:00
482854	17.647058823529413	4384	15:40:00
35|6
529098	17.647058823529413	5494	14:35:00
559371	17.647058823529413	5494	15:48:00
237542	17.647058823529413	5494	15:50:00
549463	17.647058823529413	5494	15:50:00
381626	17.647058823529413	5494	16:17:00
407756	17.647058823529413	5494	16:17:00
36|6
571905	17.647058823529413	4001	20:14:00
198370	17.647058823529413	4002	16:25:00
347177	17.647058823529413	4002	16:37:00
27598	17.647058823529413	4002	16:55:00
551806	17.647058823529413	4002	16:56:00
193586	17.647058823529413	4002	17:29:00
37|6
169627	17.647058823529413	5122	13:00:00
130254	17.647058823529413	5122	13:04:00
141393	17.647058823529413	5122	13:04:00
469645	17.647058823529413	5122	14:08:00
84209	17.647058823529413	5122	15:39:00
280641	17.647058823529413	5122	15:46:00
38|6
504528	17.647058823529413	5397	07:55:00
517718	17.647058823529413	5397	07:55:00
532569	17.647058823529413	5397	07:55:00
614243	17.647058823529413	5397	07:55:00
614925	17.647058823529413	5397	07:55:00
622325	17.647058823529413	5397	07:55:00
39|6
614925	17.647058823529413	4316	22:00:00
34525	17.647058823529413	4316	22:31:00
540166	17.647058823529413	4316	22:31:00
327744	17.647058823529413	4316	22:34:00
9986	17.647058823529413	4316	22:38:00
536930	17.647058823529413	4316	22:38:00
40|6
328269	17.647058823529413	4596	07:29:00
195544	17.647058823529413	4596	07:32:00
186013	17.647058823529413	4596	07:35:00
213529	17.647058823529413	4596	07:35:00
257054	17.647058823529413	4596	07:35:00
509660	17.647058823529413	4596	07:40:00
41|6
498148	17.647058823529413	3878	14:36:00
113311	17.647058823529413	3883	01:17:00
571579	17.647058823529413	3972	15:05:00
199025	17.647058823529413	4303	21:08:00
375693	17.647058823529413	4303	21:08:00
591163	17.647058823529413	4303	21:08:00
42|6
134908	17.647058823529413	4596	13:45:00
303711	17.647058823529413	4597	08:56:00
3669	17.647058823529413	4597	09:58:00
458099	17.647058823529413	4598	08:21:00
82555	17.647058823529413	4598	10:13:00
248920	17.647058823529413	4598	10:13:00
43|6
309068	17.647058823529413	4635	00:15:00
328957	17.647058823529413	4635	00:15:00
376863	17.647058823529413	4635	00:15:00
60117	17.647058823529413	4635	00:20:00
409361	17.647058823529413	4635	00:20:00
581975	17.647058823529413	4641	08:55:00
