0|6
550452	18.823529411764707	5229	18:10:00
323933	18.823529411764707	5802	11:05:00
159248	18.823529411764707	5802	11:27:00
554099	18.823529411764707	5815	16:02:00
70896	18.823529411764707	5815	16:26:00
518385	18.823529411764707	5815	16:38:00
1|6
614243	18.823529411764707	5424	15:27:00
616649	18.823529411764707	5424	15:27:00
617646	18.823529411764707	5424	15:27:00
620594	18.823529411764707	5424	15:27:00
622325	18.823529411764707	5424	15:27:00
623778	18.823529411764707	5424	15:27:00
2|6
521716	18.823529411764707	4220	10:26:00
531386	18.823529411764707	4220	10:26:00
534002	18.823529411764707	4220	10:26:00
602548	18.823529411764707	4220	10:26:00
297989	18.823529411764707	5332	13:11:00
532569	18.823529411764707	5332	13:13:00
3|6
266898	18.823529411764707	3811	14:01:00
577089	18.823529411764707	3811	14:07:00
418340	18.823529411764707	3811	14:50:00
489371	18.823529411764707	4387	18:43:00
541471	18.823529411764707	4387	19:16:00
230010	18.823529411764707	4458	14:32:00
4|6
160409	18.823529411764707	4859	11:24:00
309265	18.823529411764707	4866	13:54:00
566574	18.823529411764707	4866	13:54:00
94767	18.823529411764707	4885	13:18:00
617491	18.823529411764707	4893	13:40:00
561044	18.823529411764707	4894	13:41:00
5|6
55372	18.823529411764707	5226	13:41:00
568050	18.823529411764707	5226	13:41:00
614805	18.823529411764707	5226	13:41:00
374622	18.823529411764707	5226	13:42:00
390355	18.823529411764707	5226	13:42:00
600781	18.823529411764707	5226	13:42:00
6|6
34428	18.823529411764707	5092	15:36:00
370386	18.823529411764707	5092	15:36:00
614925	18.823529411764707	5092	15:37:00
248723	18.823529411764707	5092	15:40:00
252962	18.823529411764707	5092	15:40:00
504528	18.823529411764707	5092	15:40:00
7|6
591369	18.823529411764707	6033	19:54:00
28621	18.823529411764707	6033	19:55:00
40189	18.823529411764707	6033	19:55:00
434891	18.823529411764707	6033	19:55:00
80657	18.823529411764707	6033	19:57:00
532790	18.823529411764707	6033	20:00:00
8|6
532569	18.823529411764707	4998	14:28:00
558154	18.823529411764707	4998	14:28:00
569179	18.823529411764707	4998	14:28:00
574204	18.823529411764707	4998	14:28:00
622325	18.823529411764707	4998	14:28:00
213829	18.823529411764707	4998	14:50:00
9|6
531386	18.823529411764707	4607	22:13:00
532569	18.823529411764707	4607	22:13:00
592747	18.823529411764707	4607	22:13:00
602602	18.823529411764707	4607	22:13:00
614925	18.823529411764707	4607	22:13:00
622325	18.823529411764707	4607	22:13:00
10|6
453396	18.823529411764707	3546	10:12:00
587636	18.823529411764707	3546	10:12:00
591461	18.823529411764707	3546	10:12:00
596241	18.823529411764707	3546	10:12:00
612520	18.823529411764707	3546	10:12:00
616649	18.823529411764707	3546	10:12:00
11|6
533053	18.823529411764707	4665	22:26:00
2273	18.823529411764707	4670	19:46:00
117627	18.823529411764707	4670	19:47:00
436796	18.823529411764707	4670	19:48:00
613923	18.823529411764707	4670	19:52:00
359283	18.823529411764707	4670	19:56:00
12|6
275010	18.823529411764707	5070	00:06:00
46030	18.823529411764707	5070	00:17:00
29235	18.823529411764707	5070	00:19:00
498179	18.823529411764707	5070	00:19:00
556541	18.823529411764707	5070	00:19:00
558814	18.823529411764707	5172	14:59:00
13|6
546992	18.823529411764707	4980	00:39:00
567726	18.823529411764707	4980	00:39:00
583090	18.823529411764707	4980	00:39:00
587636	18.823529411764707	4980	00:39:00
616649	18.823529411764707	4980	00:39:00
617646	18.823529411764707	4980	00:39:00
14|6
543905	18.823529411764707	5387	10:21:00
572538	18.823529411764707	5387	10:21:00
28590	18.823529411764707	5391	05:24:00
268594	18.823529411764707	5392	14:37:00
308881	18.823529411764707	5392	14:37:00
334831	18.823529411764707	5392	14:37:00
15|6
281112	18.823529411764707	5712	16:08:00
309256	18.823529411764707	5721	07:15:00
496762	18.823529411764707	5731	09:54:00
614925	18.823529411764707	5735	06:47:00
165824	18.823529411764707	5743	07:40:00
367313	18.823529411764707	5771	08:08:00
16|6
550452	18.823529411764707	5135	20:54:00
56437	18.823529411764707	5137	21:16:00
13379	18.823529411764707	5141	20:35:00
39046	18.823529411764707	5141	20:53:00
405897	18.823529411764707	5156	16:44:00
267723	18.823529411764707	5189	10:04:00
17|6
25205	18.823529411764707	4934	13:12:00
103410	18.823529411764707	4935	22:39:00
624550	18.823529411764707	4935	22:44:00
338242	18.823529411764707	4935	22:48:00
25311	18.823529411764707	4935	22:57:00
47310	18.823529411764707	4935	22:58:00
18|6
359811	18.823529411764707	5886	09:59:00
576535	18.823529411764707	5886	09:59:00
260310	18.823529411764707	5950	23:02:00
49509	18.823529411764707	6161	18:54:00
206975	18.823529411764707	6161	18:54:00
252459	18.823529411764707	6161	19:52:00
19|6
539904	18.823529411764707	4896	12:27:00
548098	18.823529411764707	4896	12:27:00
592747	18.823529411764707	4896	12:27:00
600770	18.823529411764707	4896	12:27:00
608376	18.823529411764707	4896	12:27:00
622325	18.823529411764707	4896	12:27:00
20|6
489371	18.823529411764707	4025	13:01:00
517526	18.823529411764707	4025	13:01:00
538823	18.823529411764707	4025	13:01:00
540934	18.823529411764707	4025	13:01:00
600770	18.823529411764707	4025	13:01:00
607946	18.823529411764707	4025	13:01:00
21|6
116469	18.823529411764707	4477	20:08:00
33730	18.823529411764707	4477	20:11:00
100025	18.823529411764707	4477	20:11:00
95970	18.823529411764707	4477	20:15:00
267723	18.823529411764707	4477	20:15:00
449769	18.823529411764707	4477	20:15:00
22|6
559390	18.823529411764707	4394	19:58:00
152442	18.823529411764707	4394	20:53:00
182003	18.823529411764707	4394	20:53:00
225679	18.823529411764707	4394	20:53:00
41414	18.823529411764707	4394	21:00:00
106447	18.823529411764707	4423	15:53:00
23|6
540166	18.823529411764707	4736	06:24:00
389637	18.823529411764707	4739	03:02:00
44531	18.823529411764707	4797	05:16:00
130559	18.823529411764707	4800	03:17:00
173049	18.823529411764707	4801	01:57:00
48550	18.823529411764707	4892	02:30:00
24|6
459622	18.823529411764707	5029	13:41:00
112126	18.823529411764707	5038	14:19:00
614925	18.823529411764707	5074	10:24:00
489371	18.823529411764707	5092	13:59:00
85222	18.823529411764707	5121	08:19:00
181089	18.823529411764707	5121	09:07:00
25|6
563692	18.823529411764707	3652	23:16:00
582591	18.823529411764707	3652	23:16:00
600770	18.823529411764707	3652	23:16:00
607946	18.823529411764707	3652	23:16:00
274703	18.823529411764707	3652	23:17:00
362307	18.823529411764707	3652	23:19:00
26|6
614243	18.823529411764707	4315	19:25:00
617646	18.823529411764707	4315	19:25:00
622325	18.823529411764707	4315	19:25:00
55629	18.823529411764707	4315	19:32:00
363904	18.823529411764707	4315	19:32:00
373402	18.823529411764707	4315	19:32:00
27|6
169081	18.823529411764707	4637	07:48:00
386683	18.823529411764707	4637	07:48:00
224051	18.823529411764707	4703	06:34:00
436056	18.823529411764707	4800	15:25:00
473055	18.823529411764707	4902	17:21:00
26226	18.823529411764707	4902	17:29:00
28|6
75707	18.823529411764707	6028	02:29:00
397543	18.823529411764707	6028	02:29:00
298685	18.823529411764707	6028	02:32:00
75410	18.823529411764707	6028	02:34:00
567631	18.823529411764707	6028	02:34:00
578903	18.823529411764707	6028	02:39:00
29|6
184754	18.823529411764707	5518	03:54:00
556366	18.823529411764707	5518	03:54:00
238646	18.823529411764707	5518	03:56:00
7876	18.823529411764707	5518	03:57:00
302000	18.823529411764707	5518	03:57:00
569396	18.823529411764707	5619	19:41:00
30|6
267846	18.823529411764707	3630	21:31:00
467178	18.823529411764707	3630	21:31:00
444949	18.823529411764707	4709	13:03:00
489457	18.823529411764707	4709	13:14:00
529957	18.823529411764707	4709	13:16:00
552786	18.823529411764707	4709	13:24:00
31|6
123929	18.823529411764707	5344	20:38:00
98718	18.823529411764707	5352	09:05:00
195434	18.823529411764707	5353	23:27:00
588686	18.823529411764707	5353	23:35:00
604347	18.823529411764707	5370	16:36:00
17497	18.823529411764707	5414	18:31:00
32|6
358441	18.823529411764707	4308	18:24:00
440694	18.823529411764707	4308	18:24:00
577474	18.823529411764707	4308	18:24:00
266281	18.823529411764707	4308	18:25:00
371598	18.823529411764707	4308	18:25:00
564115	18.823529411764707	4308	18:25:00
33|6
75943	18.823529411764707	4063	08:45:00
355155	18.823529411764707	4063	08:53:00
564115	18.823529411764707	4063	08:54:00
364683	18.823529411764707	4063	09:01:00
437608	18.823529411764707	4063	09:01:00
603145	18.823529411764707	4063	09:01:00
34|6
1188	18.823529411764707	4384	15:40:00
4132	18.823529411764707	4384	15:40:00
30125	18.823529411764707	4384	15:40:00
36422	18.823529411764707	4384	15:40:00
421158	18.823529411764707	4384	15:40:00
482854	18.823529411764707	4384	15:40:00
35|6
529098	18.823529411764707	5494	14:35:00
559371	18.823529411764707	5494	15:48:00
237542	18.823529411764707	5494	15:50:00
549463	18.823529411764707	5494	15:50:00
381626	18.823529411764707	5494	16:17:00
407756	18.823529411764707	5494	16:17:00
36|6
571905	18.823529411764707	4001	20:14:00
198370	18.823529411764707	4002	16:25:00
347177	18.823529411764707	4002	16:37:00
27598	18.823529411764707	4002	16:55:00
551806	18.823529411764707	4002	16:56:00
193586	18.823529411764707	4002	17:29:00
37|6
169627	18.823529411764707	5122	13:00:00
130254	18.823529411764707	5122	13:04:00
141393	18.823529411764707	5122	13:04:00
469645	18.823529411764707	5122	14:08:00
84209	18.823529411764707	5122	15:39:00
280641	18.823529411764707	5122	15:46:00
38|6
504528	18.823529411764707	5397	07:55:00
517718	18.823529411764707	5397	07:55:00
532569	18.823529411764707	5397	07:55:00
614243	18.823529411764707	5397	07:55:00
614925	18.823529411764707	5397	07:55:00
622325	18.823529411764707	5397	07:55:00
39|6
614925	18.823529411764707	4316	22:00:00
34525	18.823529411764707	4316	22:31:00
540166	18.823529411764707	4316	22:31:00
327744	18.823529411764707	4316	22:34:00
9986	18.823529411764707	4316	22:38:00
536930	18.823529411764707	4316	22:38:00
40|6
328269	18.823529411764707	4596	07:29:00
195544	18.823529411764707	4596	07:32:00
186013	18.823529411764707	4596	07:35:00
213529	18.823529411764707	4596	07:35:00
257054	18.823529411764707	4596	07:35:00
509660	18.823529411764707	4596	07:40:00
41|6
498148	18.823529411764707	3878	14:36:00
113311	18.823529411764707	3883	01:17:00
571579	18.823529411764707	3972	15:05:00
199025	18.823529411764707	4303	21:08:00
375693	18.823529411764707	4303	21:08:00
591163	18.823529411764707	4303	21:08:00
42|6
134908	18.823529411764707	4596	13:45:00
303711	18.823529411764707	4597	08:56:00
3669	18.823529411764707	4597	09:58:00
458099	18.823529411764707	4598	08:21:00
82555	18.823529411764707	4598	10:13:00
248920	18.823529411764707	4598	10:13:00
43|6
309068	18.823529411764707	4635	00:15:00
328957	18.823529411764707	4635	00:15:00
376863	18.823529411764707	4635	00:15:00
60117	18.823529411764707	4635	00:20:00
409361	18.823529411764707	4635	00:20:00
581975	18.823529411764707	4641	08:55:00
