0|6
550452	22.745098039215687	5229	18:10:00
323933	22.745098039215687	5802	11:05:00
159248	22.745098039215687	5802	11:27:00
554099	22.745098039215687	5815	16:02:00
70896	22.745098039215687	5815	16:26:00
518385	22.745098039215687	5815	16:38:00
1|6
614243	22.745098039215687	5424	15:27:00
616649	22.745098039215687	5424	15:27:00
617646	22.745098039215687	5424	15:27:00
620594	22.745098039215687	5424	15:27:00
622325	22.745098039215687	5424	15:27:00
623778	22.745098039215687	5424	15:27:00
2|6
521716	22.745098039215687	4220	10:26:00
531386	22.745098039215687	4220	10:26:00
534002	22.745098039215687	4220	10:26:00
602548	22.745098039215687	4220	10:26:00
297989	22.745098039215687	5332	13:11:00
532569	22.745098039215687	5332	13:13:00
3|6
266898	22.745098039215687	3811	14:01:00
577089	22.745098039215687	3811	14:07:00
418340	22.745098039215687	3811	14:50:00
489371	22.745098039215687	4387	18:43:00
541471	22.745098039215687	4387	19:16:00
230010	22.745098039215687	4458	14:32:00
4|6
160409	22.745098039215687	4859	11:24:00
309265	22.745098039215687	4866	13:54:00
566574	22.745098039215687	4866	13:54:00
94767	22.745098039215687	4885	13:18:00
617491	22.745098039215687	4893	13:40:00
561044	22.745098039215687	4894	13:41:00
5|6
55372	22.745098039215687	5226	13:41:00
568050	22.745098039215687	5226	13:41:00
614805	22.745098039215687	5226	13:41:00
374622	22.745098039215687	5226	13:42:00
390355	22.745098039215687	5226	13:42:00
600781	22.745098039215687	5226	13:42:00
6|6
34428	22.745098039215687	5092	15:36:00
370386	22.745098039215687	5092	15:36:00
614925	22.745098039215687	5092	15:37:00
248723	22.745098039215687	5092	15:40:00
252962	22.745098039215687	5092	15:40:00
504528	22.745098039215687	5092	15:40:00
7|6
591369	22.745098039215687	6033	19:54:00
28621	22.745098039215687	6033	19:55:00
40189	22.745098039215687	6033	19:55:00
434891	22.745098039215687	6033	19:55:00
80657	22.745098039215687	6033	19:57:00
532790	22.745098039215687	6033	20:00:00
8|6
532569	22.745098039215687	4998	14:28:00
558154	22.745098039215687	4998	14:28:00
569179	22.745098039215687	4998	14:28:00
574204	22.745098039215687	4998	14:28:00
622325	22.745098039215687	4998	14:28:00
213829	22.745098039215687	4998	14:50:00
9|6
531386	22.745098039215687	4607	22:13:00
532569	22.745098039215687	4607	22:13:00
592747	22.745098039215687	4607	22:13:00
602602	22.745098039215687	4607	22:13:00
614925	22.745098039215687	4607	22:13:00
622325	22.745098039215687	4607	22:13:00
10|6
453396	22.745098039215687	3546	10:12:00
587636	22.745098039215687	3546	10:12:00
591461	22.745098039215687	3546	10:12:00
596241	22.745098039215687	3546	10:12:00
612520	22.745098039215687	3546	10:12:00
616649	22.745098039215687	3546	10:12:00
11|6
533053	22.745098039215687	4665	22:26:00
2273	22.745098039215687	4670	19:46:00
117627	22.745098039215687	4670	19:47:00
436796	22.745098039215687	4670	19:48:00
613923	22.745098039215687	4670	19:52:00
359283	22.745098039215687	4670	19:56:00
12|6
275010	22.745098039215687	5070	00:06:00
46030	22.745098039215687	5070	00:17:00
29235	22.745098039215687	5070	00:19:00
498179	22.745098039215687	5070	00:19:00
556541	22.745098039215687	5070	00:19:00
558814	22.745098039215687	5172	14:59:00
13|6
546992	22.745098039215687	4980	00:39:00
567726	22.745098039215687	4980	00:39:00
583090	22.745098039215687	4980	00:39:00
587636	22.745098039215687	4980	00:39:00
616649	22.745098039215687	4980	00:39:00
617646	22.745098039215687	4980	00:39:00
14|6
543905	22.745098039215687	5387	10:21:00
572538	22.745098039215687	5387	10:21:00
28590	22.745098039215687	5391	05:24:00
268594	22.745098039215687	5392	14:37:00
308881	22.745098039215687	5392	14:37:00
334831	22.745098039215687	5392	14:37:00
15|6
281112	22.745098039215687	5712	16:08:00
309256	22.745098039215687	5721	07:15:00
496762	22.745098039215687	5731	09:54:00
614925	22.745098039215687	5735	06:47:00
165824	22.745098039215687	5743	07:40:00
367313	22.745098039215687	5771	08:08:00
16|6
550452	22.745098039215687	5135	20:54:00
56437	22.745098039215687	5137	21:16:00
13379	22.745098039215687	5141	20:35:00
39046	22.745098039215687	5141	20:53:00
405897	22.745098039215687	5156	16:44:00
267723	22.745098039215687	5189	10:04:00
17|6
25205	22.745098039215687	4934	13:12:00
103410	22.745098039215687	4935	22:39:00
624550	22.745098039215687	4935	22:44:00
338242	22.745098039215687	4935	22:48:00
25311	22.745098039215687	4935	22:57:00
47310	22.745098039215687	4935	22:58:00
18|6
359811	22.745098039215687	5886	09:59:00
576535	22.745098039215687	5886	09:59:00
260310	22.745098039215687	5950	23:02:00
49509	22.745098039215687	6161	18:54:00
206975	22.745098039215687	6161	18:54:00
252459	22.745098039215687	6161	19:52:00
19|6
539904	22.745098039215687	4896	12:27:00
548098	22.745098039215687	4896	12:27:00
592747	22.745098039215687	4896	12:27:00
600770	22.745098039215687	4896	12:27:00
608376	22.745098039215687	4896	12:27:00
622325	22.745098039215687	4896	12:27:00
20|6
489371	22.745098039215687	4025	13:01:00
517526	22.745098039215687	4025	13:01:00
538823	22.745098039215687	4025	13:01:00
540934	22.745098039215687	4025	13:01:00
600770	22.745098039215687	4025	13:01:00
607946	22.745098039215687	4025	13:01:00
21|6
116469	22.745098039215687	4477	20:08:00
33730	22.745098039215687	4477	20:11:00
100025	22.745098039215687	4477	20:11:00
95970	22.745098039215687	4477	20:15:00
267723	22.745098039215687	4477	20:15:00
449769	22.745098039215687	4477	20:15:00
22|6
559390	22.745098039215687	4394	19:58:00
152442	22.745098039215687	4394	20:53:00
182003	22.745098039215687	4394	20:53:00
225679	22.745098039215687	4394	20:53:00
41414	22.745098039215687	4394	21:00:00
106447	22.745098039215687	4423	15:53:00
23|6
540166	22.745098039215687	4736	06:24:00
389637	22.745098039215687	4739	03:02:00
44531	22.745098039215687	4797	05:16:00
130559	22.745098039215687	4800	03:17:00
173049	22.745098039215687	4801	01:57:00
48550	22.745098039215687	4892	02:30:00
24|6
459622	22.745098039215687	5029	13:41:00
112126	22.745098039215687	5038	14:19:00
614925	22.745098039215687	5074	10:24:00
489371	22.745098039215687	5092	13:59:00
85222	22.745098039215687	5121	08:19:00
181089	22.745098039215687	5121	09:07:00
25|6
563692	22.745098039215687	3652	23:16:00
582591	22.745098039215687	3652	23:16:00
600770	22.745098039215687	3652	23:16:00
607946	22.745098039215687	3652	23:16:00
274703	22.745098039215687	3652	23:17:00
362307	22.745098039215687	3652	23:19:00
26|6
614243	22.745098039215687	4315	19:25:00
617646	22.745098039215687	4315	19:25:00
622325	22.745098039215687	4315	19:25:00
55629	22.745098039215687	4315	19:32:00
363904	22.745098039215687	4315	19:32:00
373402	22.745098039215687	4315	19:32:00
27|6
169081	22.745098039215687	4637	07:48:00
386683	22.745098039215687	4637	07:48:00
224051	22.745098039215687	4703	06:34:00
436056	22.745098039215687	4800	15:25:00
473055	22.745098039215687	4902	17:21:00
26226	22.745098039215687	4902	17:29:00
28|6
75707	22.745098039215687	6028	02:29:00
397543	22.745098039215687	6028	02:29:00
298685	22.745098039215687	6028	02:32:00
75410	22.745098039215687	6028	02:34:00
567631	22.745098039215687	6028	02:34:00
578903	22.745098039215687	6028	02:39:00
29|6
184754	22.745098039215687	5518	03:54:00
556366	22.745098039215687	5518	03:54:00
238646	22.745098039215687	5518	03:56:00
7876	22.745098039215687	5518	03:57:00
302000	22.745098039215687	5518	03:57:00
569396	22.745098039215687	5619	19:41:00
30|6
267846	22.745098039215687	3630	21:31:00
467178	22.745098039215687	3630	21:31:00
444949	22.745098039215687	4709	13:03:00
489457	22.745098039215687	4709	13:14:00
529957	22.745098039215687	4709	13:16:00
552786	22.745098039215687	4709	13:24:00
31|6
123929	22.745098039215687	5344	20:38:00
98718	22.745098039215687	5352	09:05:00
195434	22.745098039215687	5353	23:27:00
588686	22.745098039215687	5353	23:35:00
604347	22.745098039215687	5370	16:36:00
17497	22.745098039215687	5414	18:31:00
32|6
358441	22.745098039215687	4308	18:24:00
440694	22.745098039215687	4308	18:24:00
577474	22.745098039215687	4308	18:24:00
266281	22.745098039215687	4308	18:25:00
371598	22.745098039215687	4308	18:25:00
564115	22.745098039215687	4308	18:25:00
33|6
75943	22.745098039215687	4063	08:45:00
355155	22.745098039215687	4063	08:53:00
564115	22.745098039215687	4063	08:54:00
364683	22.745098039215687	4063	09:01:00
437608	22.745098039215687	4063	09:01:00
603145	22.745098039215687	4063	09:01:00
34|6
1188	22.745098039215687	4384	15:40:00
4132	22.745098039215687	4384	15:40:00
30125	22.745098039215687	4384	15:40:00
36422	22.745098039215687	4384	15:40:00
421158	22.745098039215687	4384	15:40:00
482854	22.745098039215687	4384	15:40:00
35|6
529098	22.745098039215687	5494	14:35:00
559371	22.745098039215687	5494	15:48:00
237542	22.745098039215687	5494	15:50:00
549463	22.745098039215687	5494	15:50:00
381626	22.745098039215687	5494	16:17:00
407756	22.745098039215687	5494	16:17:00
36|6
571905	22.745098039215687	4001	20:14:00
198370	22.745098039215687	4002	16:25:00
347177	22.745098039215687	4002	16:37:00
27598	22.745098039215687	4002	16:55:00
551806	22.745098039215687	4002	16:56:00
193586	22.745098039215687	4002	17:29:00
37|6
169627	22.745098039215687	5122	13:00:00
130254	22.745098039215687	5122	13:04:00
141393	22.745098039215687	5122	13:04:00
469645	22.745098039215687	5122	14:08:00
84209	22.745098039215687	5122	15:39:00
280641	22.745098039215687	5122	15:46:00
38|6
504528	22.745098039215687	5397	07:55:00
517718	22.745098039215687	5397	07:55:00
532569	22.745098039215687	5397	07:55:00
614243	22.745098039215687	5397	07:55:00
614925	22.745098039215687	5397	07:55:00
622325	22.745098039215687	5397	07:55:00
39|6
614925	22.745098039215687	4316	22:00:00
34525	22.745098039215687	4316	22:31:00
540166	22.745098039215687	4316	22:31:00
327744	22.745098039215687	4316	22:34:00
9986	22.745098039215687	4316	22:38:00
536930	22.745098039215687	4316	22:38:00
40|6
328269	22.745098039215687	4596	07:29:00
195544	22.745098039215687	4596	07:32:00
186013	22.745098039215687	4596	07:35:00
213529	22.745098039215687	4596	07:35:00
257054	22.745098039215687	4596	07:35:00
509660	22.745098039215687	4596	07:40:00
41|6
498148	22.745098039215687	3878	14:36:00
113311	22.745098039215687	3883	01:17:00
571579	22.745098039215687	3972	15:05:00
199025	22.745098039215687	4303	21:08:00
375693	22.745098039215687	4303	21:08:00
591163	22.745098039215687	4303	21:08:00
42|6
134908	22.745098039215687	4596	13:45:00
303711	22.745098039215687	4597	08:56:00
3669	22.745098039215687	4597	09:58:00
458099	22.745098039215687	4598	08:21:00
82555	22.745098039215687	4598	10:13:00
248920	22.745098039215687	4598	10:13:00
43|6
309068	22.745098039215687	4635	00:15:00
328957	22.745098039215687	4635	00:15:00
376863	22.745098039215687	4635	00:15:00
60117	22.745098039215687	4635	00:20:00
409361	22.745098039215687	4635	00:20:00
581975	22.745098039215687	4641	08:55:00
