0|6
550452	25.49019607843137	5229	18:10:00
323933	25.49019607843137	5802	11:05:00
159248	25.49019607843137	5802	11:27:00
554099	25.49019607843137	5815	16:02:00
70896	25.49019607843137	5815	16:26:00
518385	25.49019607843137	5815	16:38:00
1|6
614243	25.49019607843137	5424	15:27:00
616649	25.49019607843137	5424	15:27:00
617646	25.49019607843137	5424	15:27:00
620594	25.49019607843137	5424	15:27:00
622325	25.49019607843137	5424	15:27:00
623778	25.49019607843137	5424	15:27:00
2|6
521716	25.49019607843137	4220	10:26:00
531386	25.49019607843137	4220	10:26:00
534002	25.49019607843137	4220	10:26:00
602548	25.49019607843137	4220	10:26:00
297989	25.49019607843137	5332	13:11:00
532569	25.49019607843137	5332	13:13:00
3|6
266898	25.49019607843137	3811	14:01:00
577089	25.49019607843137	3811	14:07:00
418340	25.49019607843137	3811	14:50:00
489371	25.49019607843137	4387	18:43:00
541471	25.49019607843137	4387	19:16:00
230010	25.49019607843137	4458	14:32:00
4|6
160409	25.49019607843137	4859	11:24:00
309265	25.49019607843137	4866	13:54:00
566574	25.49019607843137	4866	13:54:00
94767	25.49019607843137	4885	13:18:00
617491	25.49019607843137	4893	13:40:00
561044	25.49019607843137	4894	13:41:00
5|6
55372	25.49019607843137	5226	13:41:00
568050	25.49019607843137	5226	13:41:00
614805	25.49019607843137	5226	13:41:00
374622	25.49019607843137	5226	13:42:00
390355	25.49019607843137	5226	13:42:00
600781	25.49019607843137	5226	13:42:00
6|6
34428	25.49019607843137	5092	15:36:00
370386	25.49019607843137	5092	15:36:00
614925	25.49019607843137	5092	15:37:00
248723	25.49019607843137	5092	15:40:00
252962	25.49019607843137	5092	15:40:00
504528	25.49019607843137	5092	15:40:00
7|6
591369	25.49019607843137	6033	19:54:00
28621	25.49019607843137	6033	19:55:00
40189	25.49019607843137	6033	19:55:00
434891	25.49019607843137	6033	19:55:00
80657	25.49019607843137	6033	19:57:00
532790	25.49019607843137	6033	20:00:00
8|6
532569	25.49019607843137	4998	14:28:00
558154	25.49019607843137	4998	14:28:00
569179	25.49019607843137	4998	14:28:00
574204	25.49019607843137	4998	14:28:00
622325	25.49019607843137	4998	14:28:00
213829	25.49019607843137	4998	14:50:00
9|6
531386	25.49019607843137	4607	22:13:00
532569	25.49019607843137	4607	22:13:00
592747	25.49019607843137	4607	22:13:00
602602	25.49019607843137	4607	22:13:00
614925	25.49019607843137	4607	22:13:00
622325	25.49019607843137	4607	22:13:00
10|6
453396	25.49019607843137	3546	10:12:00
587636	25.49019607843137	3546	10:12:00
591461	25.49019607843137	3546	10:12:00
596241	25.49019607843137	3546	10:12:00
612520	25.49019607843137	3546	10:12:00
616649	25.49019607843137	3546	10:12:00
11|6
533053	25.49019607843137	4665	22:26:00
2273	25.49019607843137	4670	19:46:00
117627	25.49019607843137	4670	19:47:00
436796	25.49019607843137	4670	19:48:00
613923	25.49019607843137	4670	19:52:00
359283	25.49019607843137	4670	19:56:00
12|6
275010	25.49019607843137	5070	00:06:00
46030	25.49019607843137	5070	00:17:00
29235	25.49019607843137	5070	00:19:00
498179	25.49019607843137	5070	00:19:00
556541	25.49019607843137	5070	00:19:00
558814	25.49019607843137	5172	14:59:00
13|6
546992	25.49019607843137	4980	00:39:00
567726	25.49019607843137	4980	00:39:00
583090	25.49019607843137	4980	00:39:00
587636	25.49019607843137	4980	00:39:00
616649	25.49019607843137	4980	00:39:00
617646	25.49019607843137	4980	00:39:00
14|6
543905	25.49019607843137	5387	10:21:00
572538	25.49019607843137	5387	10:21:00
28590	25.49019607843137	5391	05:24:00
268594	25.49019607843137	5392	14:37:00
308881	25.49019607843137	5392	14:37:00
334831	25.49019607843137	5392	14:37:00
15|6
281112	25.49019607843137	5712	16:08:00
309256	25.49019607843137	5721	07:15:00
496762	25.49019607843137	5731	09:54:00
614925	25.49019607843137	5735	06:47:00
165824	25.49019607843137	5743	07:40:00
367313	25.49019607843137	5771	08:08:00
16|6
550452	25.49019607843137	5135	20:54:00
56437	25.49019607843137	5137	21:16:00
13379	25.49019607843137	5141	20:35:00
39046	25.49019607843137	5141	20:53:00
405897	25.49019607843137	5156	16:44:00
267723	25.49019607843137	5189	10:04:00
17|6
25205	25.49019607843137	4934	13:12:00
103410	25.49019607843137	4935	22:39:00
624550	25.49019607843137	4935	22:44:00
338242	25.49019607843137	4935	22:48:00
25311	25.49019607843137	4935	22:57:00
47310	25.49019607843137	4935	22:58:00
18|6
359811	25.49019607843137	5886	09:59:00
576535	25.49019607843137	5886	09:59:00
260310	25.49019607843137	5950	23:02:00
49509	25.49019607843137	6161	18:54:00
206975	25.49019607843137	6161	18:54:00
252459	25.49019607843137	6161	19:52:00
19|6
539904	25.49019607843137	4896	12:27:00
548098	25.49019607843137	4896	12:27:00
592747	25.49019607843137	4896	12:27:00
600770	25.49019607843137	4896	12:27:00
608376	25.49019607843137	4896	12:27:00
622325	25.49019607843137	4896	12:27:00
20|6
489371	25.49019607843137	4025	13:01:00
517526	25.49019607843137	4025	13:01:00
538823	25.49019607843137	4025	13:01:00
540934	25.49019607843137	4025	13:01:00
600770	25.49019607843137	4025	13:01:00
607946	25.49019607843137	4025	13:01:00
21|6
116469	25.49019607843137	4477	20:08:00
33730	25.49019607843137	4477	20:11:00
100025	25.49019607843137	4477	20:11:00
95970	25.49019607843137	4477	20:15:00
267723	25.49019607843137	4477	20:15:00
449769	25.49019607843137	4477	20:15:00
22|6
559390	25.49019607843137	4394	19:58:00
152442	25.49019607843137	4394	20:53:00
182003	25.49019607843137	4394	20:53:00
225679	25.49019607843137	4394	20:53:00
41414	25.49019607843137	4394	21:00:00
106447	25.49019607843137	4423	15:53:00
23|6
540166	25.49019607843137	4736	06:24:00
389637	25.49019607843137	4739	03:02:00
44531	25.49019607843137	4797	05:16:00
130559	25.49019607843137	4800	03:17:00
173049	25.49019607843137	4801	01:57:00
48550	25.49019607843137	4892	02:30:00
24|6
459622	25.49019607843137	5029	13:41:00
112126	25.49019607843137	5038	14:19:00
614925	25.49019607843137	5074	10:24:00
489371	25.49019607843137	5092	13:59:00
85222	25.49019607843137	5121	08:19:00
181089	25.49019607843137	5121	09:07:00
25|6
563692	25.49019607843137	3652	23:16:00
582591	25.49019607843137	3652	23:16:00
600770	25.49019607843137	3652	23:16:00
607946	25.49019607843137	3652	23:16:00
274703	25.49019607843137	3652	23:17:00
362307	25.49019607843137	3652	23:19:00
26|6
614243	25.49019607843137	4315	19:25:00
617646	25.49019607843137	4315	19:25:00
622325	25.49019607843137	4315	19:25:00
55629	25.49019607843137	4315	19:32:00
363904	25.49019607843137	4315	19:32:00
373402	25.49019607843137	4315	19:32:00
27|6
169081	25.49019607843137	4637	07:48:00
386683	25.49019607843137	4637	07:48:00
224051	25.49019607843137	4703	06:34:00
436056	25.49019607843137	4800	15:25:00
473055	25.49019607843137	4902	17:21:00
26226	25.49019607843137	4902	17:29:00
28|6
75707	25.49019607843137	6028	02:29:00
397543	25.49019607843137	6028	02:29:00
298685	25.49019607843137	6028	02:32:00
75410	25.49019607843137	6028	02:34:00
567631	25.49019607843137	6028	02:34:00
578903	25.49019607843137	6028	02:39:00
29|6
184754	25.49019607843137	5518	03:54:00
556366	25.49019607843137	5518	03:54:00
238646	25.49019607843137	5518	03:56:00
7876	25.49019607843137	5518	03:57:00
302000	25.49019607843137	5518	03:57:00
569396	25.49019607843137	5619	19:41:00
30|6
267846	25.49019607843137	3630	21:31:00
467178	25.49019607843137	3630	21:31:00
444949	25.49019607843137	4709	13:03:00
489457	25.49019607843137	4709	13:14:00
529957	25.49019607843137	4709	13:16:00
552786	25.49019607843137	4709	13:24:00
31|6
123929	25.49019607843137	5344	20:38:00
98718	25.49019607843137	5352	09:05:00
195434	25.49019607843137	5353	23:27:00
588686	25.49019607843137	5353	23:35:00
604347	25.49019607843137	5370	16:36:00
17497	25.49019607843137	5414	18:31:00
32|6
358441	25.49019607843137	4308	18:24:00
440694	25.49019607843137	4308	18:24:00
577474	25.49019607843137	4308	18:24:00
266281	25.49019607843137	4308	18:25:00
371598	25.49019607843137	4308	18:25:00
564115	25.49019607843137	4308	18:25:00
33|6
75943	25.49019607843137	4063	08:45:00
355155	25.49019607843137	4063	08:53:00
564115	25.49019607843137	4063	08:54:00
364683	25.49019607843137	4063	09:01:00
437608	25.49019607843137	4063	09:01:00
603145	25.49019607843137	4063	09:01:00
34|6
1188	25.49019607843137	4384	15:40:00
4132	25.49019607843137	4384	15:40:00
30125	25.49019607843137	4384	15:40:00
36422	25.49019607843137	4384	15:40:00
421158	25.49019607843137	4384	15:40:00
482854	25.49019607843137	4384	15:40:00
35|6
529098	25.49019607843137	5494	14:35:00
559371	25.49019607843137	5494	15:48:00
237542	25.49019607843137	5494	15:50:00
549463	25.49019607843137	5494	15:50:00
381626	25.49019607843137	5494	16:17:00
407756	25.49019607843137	5494	16:17:00
36|6
571905	25.49019607843137	4001	20:14:00
198370	25.49019607843137	4002	16:25:00
347177	25.49019607843137	4002	16:37:00
27598	25.49019607843137	4002	16:55:00
551806	25.49019607843137	4002	16:56:00
193586	25.49019607843137	4002	17:29:00
37|6
169627	25.49019607843137	5122	13:00:00
130254	25.49019607843137	5122	13:04:00
141393	25.49019607843137	5122	13:04:00
469645	25.49019607843137	5122	14:08:00
84209	25.49019607843137	5122	15:39:00
280641	25.49019607843137	5122	15:46:00
38|6
504528	25.49019607843137	5397	07:55:00
517718	25.49019607843137	5397	07:55:00
532569	25.49019607843137	5397	07:55:00
614243	25.49019607843137	5397	07:55:00
614925	25.49019607843137	5397	07:55:00
622325	25.49019607843137	5397	07:55:00
39|6
614925	25.49019607843137	4316	22:00:00
34525	25.49019607843137	4316	22:31:00
540166	25.49019607843137	4316	22:31:00
327744	25.49019607843137	4316	22:34:00
9986	25.49019607843137	4316	22:38:00
536930	25.49019607843137	4316	22:38:00
40|6
328269	25.49019607843137	4596	07:29:00
195544	25.49019607843137	4596	07:32:00
186013	25.49019607843137	4596	07:35:00
213529	25.49019607843137	4596	07:35:00
257054	25.49019607843137	4596	07:35:00
509660	25.49019607843137	4596	07:40:00
41|6
498148	25.49019607843137	3878	14:36:00
113311	25.49019607843137	3883	01:17:00
571579	25.49019607843137	3972	15:05:00
199025	25.49019607843137	4303	21:08:00
375693	25.49019607843137	4303	21:08:00
591163	25.49019607843137	4303	21:08:00
42|6
134908	25.49019607843137	4596	13:45:00
303711	25.49019607843137	4597	08:56:00
3669	25.49019607843137	4597	09:58:00
458099	25.49019607843137	4598	08:21:00
82555	25.49019607843137	4598	10:13:00
248920	25.49019607843137	4598	10:13:00
43|6
309068	25.49019607843137	4635	00:15:00
328957	25.49019607843137	4635	00:15:00
376863	25.49019607843137	4635	00:15:00
60117	25.49019607843137	4635	00:20:00
409361	25.49019607843137	4635	00:20:00
581975	25.49019607843137	4641	08:55:00
