0|6
550452	26.27450980392157	5229	18:10:00
323933	26.27450980392157	5802	11:05:00
159248	26.27450980392157	5802	11:27:00
554099	26.27450980392157	5815	16:02:00
70896	26.27450980392157	5815	16:26:00
518385	26.27450980392157	5815	16:38:00
1|6
614243	26.27450980392157	5424	15:27:00
616649	26.27450980392157	5424	15:27:00
617646	26.27450980392157	5424	15:27:00
620594	26.27450980392157	5424	15:27:00
622325	26.27450980392157	5424	15:27:00
623778	26.27450980392157	5424	15:27:00
2|6
521716	26.27450980392157	4220	10:26:00
531386	26.27450980392157	4220	10:26:00
534002	26.27450980392157	4220	10:26:00
602548	26.27450980392157	4220	10:26:00
297989	26.27450980392157	5332	13:11:00
532569	26.27450980392157	5332	13:13:00
3|6
266898	26.27450980392157	3811	14:01:00
577089	26.27450980392157	3811	14:07:00
418340	26.27450980392157	3811	14:50:00
489371	26.27450980392157	4387	18:43:00
541471	26.27450980392157	4387	19:16:00
230010	26.27450980392157	4458	14:32:00
4|6
160409	26.27450980392157	4859	11:24:00
309265	26.27450980392157	4866	13:54:00
566574	26.27450980392157	4866	13:54:00
94767	26.27450980392157	4885	13:18:00
617491	26.27450980392157	4893	13:40:00
561044	26.27450980392157	4894	13:41:00
5|6
55372	26.27450980392157	5226	13:41:00
568050	26.27450980392157	5226	13:41:00
614805	26.27450980392157	5226	13:41:00
374622	26.27450980392157	5226	13:42:00
390355	26.27450980392157	5226	13:42:00
600781	26.27450980392157	5226	13:42:00
6|6
34428	26.27450980392157	5092	15:36:00
370386	26.27450980392157	5092	15:36:00
614925	26.27450980392157	5092	15:37:00
248723	26.27450980392157	5092	15:40:00
252962	26.27450980392157	5092	15:40:00
504528	26.27450980392157	5092	15:40:00
7|6
591369	26.27450980392157	6033	19:54:00
28621	26.27450980392157	6033	19:55:00
40189	26.27450980392157	6033	19:55:00
434891	26.27450980392157	6033	19:55:00
80657	26.27450980392157	6033	19:57:00
532790	26.27450980392157	6033	20:00:00
8|6
532569	26.27450980392157	4998	14:28:00
558154	26.27450980392157	4998	14:28:00
569179	26.27450980392157	4998	14:28:00
574204	26.27450980392157	4998	14:28:00
622325	26.27450980392157	4998	14:28:00
213829	26.27450980392157	4998	14:50:00
9|6
531386	26.27450980392157	4607	22:13:00
532569	26.27450980392157	4607	22:13:00
592747	26.27450980392157	4607	22:13:00
602602	26.27450980392157	4607	22:13:00
614925	26.27450980392157	4607	22:13:00
622325	26.27450980392157	4607	22:13:00
10|6
453396	26.27450980392157	3546	10:12:00
587636	26.27450980392157	3546	10:12:00
591461	26.27450980392157	3546	10:12:00
596241	26.27450980392157	3546	10:12:00
612520	26.27450980392157	3546	10:12:00
616649	26.27450980392157	3546	10:12:00
11|6
533053	26.27450980392157	4665	22:26:00
2273	26.27450980392157	4670	19:46:00
117627	26.27450980392157	4670	19:47:00
436796	26.27450980392157	4670	19:48:00
613923	26.27450980392157	4670	19:52:00
359283	26.27450980392157	4670	19:56:00
12|6
275010	26.27450980392157	5070	00:06:00
46030	26.27450980392157	5070	00:17:00
29235	26.27450980392157	5070	00:19:00
498179	26.27450980392157	5070	00:19:00
556541	26.27450980392157	5070	00:19:00
558814	26.27450980392157	5172	14:59:00
13|6
546992	26.27450980392157	4980	00:39:00
567726	26.27450980392157	4980	00:39:00
583090	26.27450980392157	4980	00:39:00
587636	26.27450980392157	4980	00:39:00
616649	26.27450980392157	4980	00:39:00
617646	26.27450980392157	4980	00:39:00
14|6
543905	26.27450980392157	5387	10:21:00
572538	26.27450980392157	5387	10:21:00
28590	26.27450980392157	5391	05:24:00
268594	26.27450980392157	5392	14:37:00
308881	26.27450980392157	5392	14:37:00
334831	26.27450980392157	5392	14:37:00
15|6
281112	26.27450980392157	5712	16:08:00
309256	26.27450980392157	5721	07:15:00
496762	26.27450980392157	5731	09:54:00
614925	26.27450980392157	5735	06:47:00
165824	26.27450980392157	5743	07:40:00
367313	26.27450980392157	5771	08:08:00
16|6
550452	26.27450980392157	5135	20:54:00
56437	26.27450980392157	5137	21:16:00
13379	26.27450980392157	5141	20:35:00
39046	26.27450980392157	5141	20:53:00
405897	26.27450980392157	5156	16:44:00
267723	26.27450980392157	5189	10:04:00
17|6
25205	26.27450980392157	4934	13:12:00
103410	26.27450980392157	4935	22:39:00
624550	26.27450980392157	4935	22:44:00
338242	26.27450980392157	4935	22:48:00
25311	26.27450980392157	4935	22:57:00
47310	26.27450980392157	4935	22:58:00
18|6
359811	26.27450980392157	5886	09:59:00
576535	26.27450980392157	5886	09:59:00
260310	26.27450980392157	5950	23:02:00
49509	26.27450980392157	6161	18:54:00
206975	26.27450980392157	6161	18:54:00
252459	26.27450980392157	6161	19:52:00
19|6
539904	26.27450980392157	4896	12:27:00
548098	26.27450980392157	4896	12:27:00
592747	26.27450980392157	4896	12:27:00
600770	26.27450980392157	4896	12:27:00
608376	26.27450980392157	4896	12:27:00
622325	26.27450980392157	4896	12:27:00
20|6
489371	26.27450980392157	4025	13:01:00
517526	26.27450980392157	4025	13:01:00
538823	26.27450980392157	4025	13:01:00
540934	26.27450980392157	4025	13:01:00
600770	26.27450980392157	4025	13:01:00
607946	26.27450980392157	4025	13:01:00
21|6
116469	26.27450980392157	4477	20:08:00
33730	26.27450980392157	4477	20:11:00
100025	26.27450980392157	4477	20:11:00
95970	26.27450980392157	4477	20:15:00
267723	26.27450980392157	4477	20:15:00
449769	26.27450980392157	4477	20:15:00
22|6
559390	26.27450980392157	4394	19:58:00
152442	26.27450980392157	4394	20:53:00
182003	26.27450980392157	4394	20:53:00
225679	26.27450980392157	4394	20:53:00
41414	26.27450980392157	4394	21:00:00
106447	26.27450980392157	4423	15:53:00
23|6
540166	26.27450980392157	4736	06:24:00
389637	26.27450980392157	4739	03:02:00
44531	26.27450980392157	4797	05:16:00
130559	26.27450980392157	4800	03:17:00
173049	26.27450980392157	4801	01:57:00
48550	26.27450980392157	4892	02:30:00
24|6
459622	26.27450980392157	5029	13:41:00
112126	26.27450980392157	5038	14:19:00
614925	26.27450980392157	5074	10:24:00
489371	26.27450980392157	5092	13:59:00
85222	26.27450980392157	5121	08:19:00
181089	26.27450980392157	5121	09:07:00
25|6
563692	26.27450980392157	3652	23:16:00
582591	26.27450980392157	3652	23:16:00
600770	26.27450980392157	3652	23:16:00
607946	26.27450980392157	3652	23:16:00
274703	26.27450980392157	3652	23:17:00
362307	26.27450980392157	3652	23:19:00
26|6
614243	26.27450980392157	4315	19:25:00
617646	26.27450980392157	4315	19:25:00
622325	26.27450980392157	4315	19:25:00
55629	26.27450980392157	4315	19:32:00
363904	26.27450980392157	4315	19:32:00
373402	26.27450980392157	4315	19:32:00
27|6
169081	26.27450980392157	4637	07:48:00
386683	26.27450980392157	4637	07:48:00
224051	26.27450980392157	4703	06:34:00
436056	26.27450980392157	4800	15:25:00
473055	26.27450980392157	4902	17:21:00
26226	26.27450980392157	4902	17:29:00
28|6
75707	26.27450980392157	6028	02:29:00
397543	26.27450980392157	6028	02:29:00
298685	26.27450980392157	6028	02:32:00
75410	26.27450980392157	6028	02:34:00
567631	26.27450980392157	6028	02:34:00
578903	26.27450980392157	6028	02:39:00
29|6
184754	26.27450980392157	5518	03:54:00
556366	26.27450980392157	5518	03:54:00
238646	26.27450980392157	5518	03:56:00
7876	26.27450980392157	5518	03:57:00
302000	26.27450980392157	5518	03:57:00
569396	26.27450980392157	5619	19:41:00
30|6
267846	26.27450980392157	3630	21:31:00
467178	26.27450980392157	3630	21:31:00
444949	26.27450980392157	4709	13:03:00
489457	26.27450980392157	4709	13:14:00
529957	26.27450980392157	4709	13:16:00
552786	26.27450980392157	4709	13:24:00
31|6
123929	26.27450980392157	5344	20:38:00
98718	26.27450980392157	5352	09:05:00
195434	26.27450980392157	5353	23:27:00
588686	26.27450980392157	5353	23:35:00
604347	26.27450980392157	5370	16:36:00
17497	26.27450980392157	5414	18:31:00
32|6
358441	26.27450980392157	4308	18:24:00
440694	26.27450980392157	4308	18:24:00
577474	26.27450980392157	4308	18:24:00
266281	26.27450980392157	4308	18:25:00
371598	26.27450980392157	4308	18:25:00
564115	26.27450980392157	4308	18:25:00
33|6
75943	26.27450980392157	4063	08:45:00
355155	26.27450980392157	4063	08:53:00
564115	26.27450980392157	4063	08:54:00
364683	26.27450980392157	4063	09:01:00
437608	26.27450980392157	4063	09:01:00
603145	26.27450980392157	4063	09:01:00
34|6
1188	26.27450980392157	4384	15:40:00
4132	26.27450980392157	4384	15:40:00
30125	26.27450980392157	4384	15:40:00
36422	26.27450980392157	4384	15:40:00
421158	26.27450980392157	4384	15:40:00
482854	26.27450980392157	4384	15:40:00
35|6
529098	26.27450980392157	5494	14:35:00
559371	26.27450980392157	5494	15:48:00
237542	26.27450980392157	5494	15:50:00
549463	26.27450980392157	5494	15:50:00
381626	26.27450980392157	5494	16:17:00
407756	26.27450980392157	5494	16:17:00
36|6
571905	26.27450980392157	4001	20:14:00
198370	26.27450980392157	4002	16:25:00
347177	26.27450980392157	4002	16:37:00
27598	26.27450980392157	4002	16:55:00
551806	26.27450980392157	4002	16:56:00
193586	26.27450980392157	4002	17:29:00
37|6
169627	26.27450980392157	5122	13:00:00
130254	26.27450980392157	5122	13:04:00
141393	26.27450980392157	5122	13:04:00
469645	26.27450980392157	5122	14:08:00
84209	26.27450980392157	5122	15:39:00
280641	26.27450980392157	5122	15:46:00
38|6
504528	26.27450980392157	5397	07:55:00
517718	26.27450980392157	5397	07:55:00
532569	26.27450980392157	5397	07:55:00
614243	26.27450980392157	5397	07:55:00
614925	26.27450980392157	5397	07:55:00
622325	26.27450980392157	5397	07:55:00
39|6
614925	26.27450980392157	4316	22:00:00
34525	26.27450980392157	4316	22:31:00
540166	26.27450980392157	4316	22:31:00
327744	26.27450980392157	4316	22:34:00
9986	26.27450980392157	4316	22:38:00
536930	26.27450980392157	4316	22:38:00
40|6
328269	26.27450980392157	4596	07:29:00
195544	26.27450980392157	4596	07:32:00
186013	26.27450980392157	4596	07:35:00
213529	26.27450980392157	4596	07:35:00
257054	26.27450980392157	4596	07:35:00
509660	26.27450980392157	4596	07:40:00
41|6
498148	26.27450980392157	3878	14:36:00
113311	26.27450980392157	3883	01:17:00
571579	26.27450980392157	3972	15:05:00
199025	26.27450980392157	4303	21:08:00
375693	26.27450980392157	4303	21:08:00
591163	26.27450980392157	4303	21:08:00
42|6
134908	26.27450980392157	4596	13:45:00
303711	26.27450980392157	4597	08:56:00
3669	26.27450980392157	4597	09:58:00
458099	26.27450980392157	4598	08:21:00
82555	26.27450980392157	4598	10:13:00
248920	26.27450980392157	4598	10:13:00
43|6
309068	26.27450980392157	4635	00:15:00
328957	26.27450980392157	4635	00:15:00
376863	26.27450980392157	4635	00:15:00
60117	26.27450980392157	4635	00:20:00
409361	26.27450980392157	4635	00:20:00
581975	26.27450980392157	4641	08:55:00
