0|6
550452	2.7450980392156863	5229	18:10:00
323933	2.7450980392156863	5802	11:05:00
159248	2.7450980392156863	5802	11:27:00
554099	2.7450980392156863	5815	16:02:00
70896	2.7450980392156863	5815	16:26:00
518385	2.7450980392156863	5815	16:38:00
1|6
614243	2.7450980392156863	5424	15:27:00
616649	2.7450980392156863	5424	15:27:00
617646	2.7450980392156863	5424	15:27:00
620594	2.7450980392156863	5424	15:27:00
622325	2.7450980392156863	5424	15:27:00
623778	2.7450980392156863	5424	15:27:00
2|6
521716	2.7450980392156863	4220	10:26:00
531386	2.7450980392156863	4220	10:26:00
534002	2.7450980392156863	4220	10:26:00
602548	2.7450980392156863	4220	10:26:00
297989	2.7450980392156863	5332	13:11:00
532569	2.7450980392156863	5332	13:13:00
3|6
266898	2.7450980392156863	3811	14:01:00
577089	2.7450980392156863	3811	14:07:00
418340	2.7450980392156863	3811	14:50:00
489371	2.7450980392156863	4387	18:43:00
541471	2.7450980392156863	4387	19:16:00
230010	2.7450980392156863	4458	14:32:00
4|6
160409	2.7450980392156863	4859	11:24:00
309265	2.7450980392156863	4866	13:54:00
566574	2.7450980392156863	4866	13:54:00
94767	2.7450980392156863	4885	13:18:00
617491	2.7450980392156863	4893	13:40:00
561044	2.7450980392156863	4894	13:41:00
5|6
55372	2.7450980392156863	5226	13:41:00
568050	2.7450980392156863	5226	13:41:00
614805	2.7450980392156863	5226	13:41:00
374622	2.7450980392156863	5226	13:42:00
390355	2.7450980392156863	5226	13:42:00
600781	2.7450980392156863	5226	13:42:00
6|6
34428	2.7450980392156863	5092	15:36:00
370386	2.7450980392156863	5092	15:36:00
614925	2.7450980392156863	5092	15:37:00
248723	2.7450980392156863	5092	15:40:00
252962	2.7450980392156863	5092	15:40:00
504528	2.7450980392156863	5092	15:40:00
7|6
591369	2.7450980392156863	6033	19:54:00
28621	2.7450980392156863	6033	19:55:00
40189	2.7450980392156863	6033	19:55:00
434891	2.7450980392156863	6033	19:55:00
80657	2.7450980392156863	6033	19:57:00
532790	2.7450980392156863	6033	20:00:00
8|6
532569	2.7450980392156863	4998	14:28:00
558154	2.7450980392156863	4998	14:28:00
569179	2.7450980392156863	4998	14:28:00
574204	2.7450980392156863	4998	14:28:00
622325	2.7450980392156863	4998	14:28:00
213829	2.7450980392156863	4998	14:50:00
9|6
531386	2.7450980392156863	4607	22:13:00
532569	2.7450980392156863	4607	22:13:00
592747	2.7450980392156863	4607	22:13:00
602602	2.7450980392156863	4607	22:13:00
614925	2.7450980392156863	4607	22:13:00
622325	2.7450980392156863	4607	22:13:00
10|6
453396	2.7450980392156863	3546	10:12:00
587636	2.7450980392156863	3546	10:12:00
591461	2.7450980392156863	3546	10:12:00
596241	2.7450980392156863	3546	10:12:00
612520	2.7450980392156863	3546	10:12:00
616649	2.7450980392156863	3546	10:12:00
11|6
533053	2.7450980392156863	4665	22:26:00
2273	2.7450980392156863	4670	19:46:00
117627	2.7450980392156863	4670	19:47:00
436796	2.7450980392156863	4670	19:48:00
613923	2.7450980392156863	4670	19:52:00
359283	2.7450980392156863	4670	19:56:00
12|6
275010	2.7450980392156863	5070	00:06:00
46030	2.7450980392156863	5070	00:17:00
29235	2.7450980392156863	5070	00:19:00
498179	2.7450980392156863	5070	00:19:00
556541	2.7450980392156863	5070	00:19:00
558814	2.7450980392156863	5172	14:59:00
13|6
546992	2.7450980392156863	4980	00:39:00
567726	2.7450980392156863	4980	00:39:00
583090	2.7450980392156863	4980	00:39:00
587636	2.7450980392156863	4980	00:39:00
616649	2.7450980392156863	4980	00:39:00
617646	2.7450980392156863	4980	00:39:00
14|6
543905	2.7450980392156863	5387	10:21:00
572538	2.7450980392156863	5387	10:21:00
28590	2.7450980392156863	5391	05:24:00
268594	2.7450980392156863	5392	14:37:00
308881	2.7450980392156863	5392	14:37:00
334831	2.7450980392156863	5392	14:37:00
15|6
281112	2.7450980392156863	5712	16:08:00
309256	2.7450980392156863	5721	07:15:00
496762	2.7450980392156863	5731	09:54:00
614925	2.7450980392156863	5735	06:47:00
165824	2.7450980392156863	5743	07:40:00
367313	2.7450980392156863	5771	08:08:00
16|6
550452	2.7450980392156863	5135	20:54:00
56437	2.7450980392156863	5137	21:16:00
13379	2.7450980392156863	5141	20:35:00
39046	2.7450980392156863	5141	20:53:00
405897	2.7450980392156863	5156	16:44:00
267723	2.7450980392156863	5189	10:04:00
17|6
25205	2.7450980392156863	4934	13:12:00
103410	2.7450980392156863	4935	22:39:00
624550	2.7450980392156863	4935	22:44:00
338242	2.7450980392156863	4935	22:48:00
25311	2.7450980392156863	4935	22:57:00
47310	2.7450980392156863	4935	22:58:00
18|6
359811	2.7450980392156863	5886	09:59:00
576535	2.7450980392156863	5886	09:59:00
260310	2.7450980392156863	5950	23:02:00
49509	2.7450980392156863	6161	18:54:00
206975	2.7450980392156863	6161	18:54:00
252459	2.7450980392156863	6161	19:52:00
19|6
539904	2.7450980392156863	4896	12:27:00
548098	2.7450980392156863	4896	12:27:00
592747	2.7450980392156863	4896	12:27:00
600770	2.7450980392156863	4896	12:27:00
608376	2.7450980392156863	4896	12:27:00
622325	2.7450980392156863	4896	12:27:00
20|6
489371	2.7450980392156863	4025	13:01:00
517526	2.7450980392156863	4025	13:01:00
538823	2.7450980392156863	4025	13:01:00
540934	2.7450980392156863	4025	13:01:00
600770	2.7450980392156863	4025	13:01:00
607946	2.7450980392156863	4025	13:01:00
21|6
116469	2.7450980392156863	4477	20:08:00
33730	2.7450980392156863	4477	20:11:00
100025	2.7450980392156863	4477	20:11:00
95970	2.7450980392156863	4477	20:15:00
267723	2.7450980392156863	4477	20:15:00
449769	2.7450980392156863	4477	20:15:00
22|6
559390	2.7450980392156863	4394	19:58:00
152442	2.7450980392156863	4394	20:53:00
182003	2.7450980392156863	4394	20:53:00
225679	2.7450980392156863	4394	20:53:00
41414	2.7450980392156863	4394	21:00:00
106447	2.7450980392156863	4423	15:53:00
23|6
540166	2.7450980392156863	4736	06:24:00
389637	2.7450980392156863	4739	03:02:00
44531	2.7450980392156863	4797	05:16:00
130559	2.7450980392156863	4800	03:17:00
173049	2.7450980392156863	4801	01:57:00
48550	2.7450980392156863	4892	02:30:00
24|6
459622	2.7450980392156863	5029	13:41:00
112126	2.7450980392156863	5038	14:19:00
614925	2.7450980392156863	5074	10:24:00
489371	2.7450980392156863	5092	13:59:00
85222	2.7450980392156863	5121	08:19:00
181089	2.7450980392156863	5121	09:07:00
25|6
563692	2.7450980392156863	3652	23:16:00
582591	2.7450980392156863	3652	23:16:00
600770	2.7450980392156863	3652	23:16:00
607946	2.7450980392156863	3652	23:16:00
274703	2.7450980392156863	3652	23:17:00
362307	2.7450980392156863	3652	23:19:00
26|6
614243	2.7450980392156863	4315	19:25:00
617646	2.7450980392156863	4315	19:25:00
622325	2.7450980392156863	4315	19:25:00
55629	2.7450980392156863	4315	19:32:00
363904	2.7450980392156863	4315	19:32:00
373402	2.7450980392156863	4315	19:32:00
27|6
169081	2.7450980392156863	4637	07:48:00
386683	2.7450980392156863	4637	07:48:00
224051	2.7450980392156863	4703	06:34:00
436056	2.7450980392156863	4800	15:25:00
473055	2.7450980392156863	4902	17:21:00
26226	2.7450980392156863	4902	17:29:00
28|6
75707	2.7450980392156863	6028	02:29:00
397543	2.7450980392156863	6028	02:29:00
298685	2.7450980392156863	6028	02:32:00
75410	2.7450980392156863	6028	02:34:00
567631	2.7450980392156863	6028	02:34:00
578903	2.7450980392156863	6028	02:39:00
29|6
184754	2.7450980392156863	5518	03:54:00
556366	2.7450980392156863	5518	03:54:00
238646	2.7450980392156863	5518	03:56:00
7876	2.7450980392156863	5518	03:57:00
302000	2.7450980392156863	5518	03:57:00
569396	2.7450980392156863	5619	19:41:00
30|6
267846	2.7450980392156863	3630	21:31:00
467178	2.7450980392156863	3630	21:31:00
444949	2.7450980392156863	4709	13:03:00
489457	2.7450980392156863	4709	13:14:00
529957	2.7450980392156863	4709	13:16:00
552786	2.7450980392156863	4709	13:24:00
31|6
123929	2.7450980392156863	5344	20:38:00
98718	2.7450980392156863	5352	09:05:00
195434	2.7450980392156863	5353	23:27:00
588686	2.7450980392156863	5353	23:35:00
604347	2.7450980392156863	5370	16:36:00
17497	2.7450980392156863	5414	18:31:00
32|6
358441	2.7450980392156863	4308	18:24:00
440694	2.7450980392156863	4308	18:24:00
577474	2.7450980392156863	4308	18:24:00
266281	2.7450980392156863	4308	18:25:00
371598	2.7450980392156863	4308	18:25:00
564115	2.7450980392156863	4308	18:25:00
33|6
75943	2.7450980392156863	4063	08:45:00
355155	2.7450980392156863	4063	08:53:00
564115	2.7450980392156863	4063	08:54:00
364683	2.7450980392156863	4063	09:01:00
437608	2.7450980392156863	4063	09:01:00
603145	2.7450980392156863	4063	09:01:00
34|6
1188	2.7450980392156863	4384	15:40:00
4132	2.7450980392156863	4384	15:40:00
30125	2.7450980392156863	4384	15:40:00
36422	2.7450980392156863	4384	15:40:00
421158	2.7450980392156863	4384	15:40:00
482854	2.7450980392156863	4384	15:40:00
35|6
529098	2.7450980392156863	5494	14:35:00
559371	2.7450980392156863	5494	15:48:00
237542	2.7450980392156863	5494	15:50:00
549463	2.7450980392156863	5494	15:50:00
381626	2.7450980392156863	5494	16:17:00
407756	2.7450980392156863	5494	16:17:00
36|6
571905	2.7450980392156863	4001	20:14:00
198370	2.7450980392156863	4002	16:25:00
347177	2.7450980392156863	4002	16:37:00
27598	2.7450980392156863	4002	16:55:00
551806	2.7450980392156863	4002	16:56:00
193586	2.7450980392156863	4002	17:29:00
37|6
169627	2.7450980392156863	5122	13:00:00
130254	2.7450980392156863	5122	13:04:00
141393	2.7450980392156863	5122	13:04:00
469645	2.7450980392156863	5122	14:08:00
84209	2.7450980392156863	5122	15:39:00
280641	2.7450980392156863	5122	15:46:00
38|6
504528	2.7450980392156863	5397	07:55:00
517718	2.7450980392156863	5397	07:55:00
532569	2.7450980392156863	5397	07:55:00
614243	2.7450980392156863	5397	07:55:00
614925	2.7450980392156863	5397	07:55:00
622325	2.7450980392156863	5397	07:55:00
39|6
614925	2.7450980392156863	4316	22:00:00
34525	2.7450980392156863	4316	22:31:00
540166	2.7450980392156863	4316	22:31:00
327744	2.7450980392156863	4316	22:34:00
9986	2.7450980392156863	4316	22:38:00
536930	2.7450980392156863	4316	22:38:00
40|6
328269	2.7450980392156863	4596	07:29:00
195544	2.7450980392156863	4596	07:32:00
186013	2.7450980392156863	4596	07:35:00
213529	2.7450980392156863	4596	07:35:00
257054	2.7450980392156863	4596	07:35:00
509660	2.7450980392156863	4596	07:40:00
41|6
498148	2.7450980392156863	3878	14:36:00
113311	2.7450980392156863	3883	01:17:00
571579	2.7450980392156863	3972	15:05:00
199025	2.7450980392156863	4303	21:08:00
375693	2.7450980392156863	4303	21:08:00
591163	2.7450980392156863	4303	21:08:00
42|6
134908	2.7450980392156863	4596	13:45:00
303711	2.7450980392156863	4597	08:56:00
3669	2.7450980392156863	4597	09:58:00
458099	2.7450980392156863	4598	08:21:00
82555	2.7450980392156863	4598	10:13:00
248920	2.7450980392156863	4598	10:13:00
43|6
309068	2.7450980392156863	4635	00:15:00
328957	2.7450980392156863	4635	00:15:00
376863	2.7450980392156863	4635	00:15:00
60117	2.7450980392156863	4635	00:20:00
409361	2.7450980392156863	4635	00:20:00
581975	2.7450980392156863	4641	08:55:00
