0|6
550452	27.450980392156865	5229	18:10:00
323933	27.450980392156865	5802	11:05:00
159248	27.450980392156865	5802	11:27:00
554099	27.450980392156865	5815	16:02:00
70896	27.450980392156865	5815	16:26:00
518385	27.450980392156865	5815	16:38:00
1|6
614243	27.450980392156865	5424	15:27:00
616649	27.450980392156865	5424	15:27:00
617646	27.450980392156865	5424	15:27:00
620594	27.450980392156865	5424	15:27:00
622325	27.450980392156865	5424	15:27:00
623778	27.450980392156865	5424	15:27:00
2|6
521716	27.450980392156865	4220	10:26:00
531386	27.450980392156865	4220	10:26:00
534002	27.450980392156865	4220	10:26:00
602548	27.450980392156865	4220	10:26:00
297989	27.450980392156865	5332	13:11:00
532569	27.450980392156865	5332	13:13:00
3|6
266898	27.450980392156865	3811	14:01:00
577089	27.450980392156865	3811	14:07:00
418340	27.450980392156865	3811	14:50:00
489371	27.450980392156865	4387	18:43:00
541471	27.450980392156865	4387	19:16:00
230010	27.450980392156865	4458	14:32:00
4|6
160409	27.450980392156865	4859	11:24:00
309265	27.450980392156865	4866	13:54:00
566574	27.450980392156865	4866	13:54:00
94767	27.450980392156865	4885	13:18:00
617491	27.450980392156865	4893	13:40:00
561044	27.450980392156865	4894	13:41:00
5|6
55372	27.450980392156865	5226	13:41:00
568050	27.450980392156865	5226	13:41:00
614805	27.450980392156865	5226	13:41:00
374622	27.450980392156865	5226	13:42:00
390355	27.450980392156865	5226	13:42:00
600781	27.450980392156865	5226	13:42:00
6|6
34428	27.450980392156865	5092	15:36:00
370386	27.450980392156865	5092	15:36:00
614925	27.450980392156865	5092	15:37:00
248723	27.450980392156865	5092	15:40:00
252962	27.450980392156865	5092	15:40:00
504528	27.450980392156865	5092	15:40:00
7|6
591369	27.450980392156865	6033	19:54:00
28621	27.450980392156865	6033	19:55:00
40189	27.450980392156865	6033	19:55:00
434891	27.450980392156865	6033	19:55:00
80657	27.450980392156865	6033	19:57:00
532790	27.450980392156865	6033	20:00:00
8|6
532569	27.450980392156865	4998	14:28:00
558154	27.450980392156865	4998	14:28:00
569179	27.450980392156865	4998	14:28:00
574204	27.450980392156865	4998	14:28:00
622325	27.450980392156865	4998	14:28:00
213829	27.450980392156865	4998	14:50:00
9|6
531386	27.450980392156865	4607	22:13:00
532569	27.450980392156865	4607	22:13:00
592747	27.450980392156865	4607	22:13:00
602602	27.450980392156865	4607	22:13:00
614925	27.450980392156865	4607	22:13:00
622325	27.450980392156865	4607	22:13:00
10|6
453396	27.450980392156865	3546	10:12:00
587636	27.450980392156865	3546	10:12:00
591461	27.450980392156865	3546	10:12:00
596241	27.450980392156865	3546	10:12:00
612520	27.450980392156865	3546	10:12:00
616649	27.450980392156865	3546	10:12:00
11|6
533053	27.450980392156865	4665	22:26:00
2273	27.450980392156865	4670	19:46:00
117627	27.450980392156865	4670	19:47:00
436796	27.450980392156865	4670	19:48:00
613923	27.450980392156865	4670	19:52:00
359283	27.450980392156865	4670	19:56:00
12|6
275010	27.450980392156865	5070	00:06:00
46030	27.450980392156865	5070	00:17:00
29235	27.450980392156865	5070	00:19:00
498179	27.450980392156865	5070	00:19:00
556541	27.450980392156865	5070	00:19:00
558814	27.450980392156865	5172	14:59:00
13|6
546992	27.450980392156865	4980	00:39:00
567726	27.450980392156865	4980	00:39:00
583090	27.450980392156865	4980	00:39:00
587636	27.450980392156865	4980	00:39:00
616649	27.450980392156865	4980	00:39:00
617646	27.450980392156865	4980	00:39:00
14|6
543905	27.450980392156865	5387	10:21:00
572538	27.450980392156865	5387	10:21:00
28590	27.450980392156865	5391	05:24:00
268594	27.450980392156865	5392	14:37:00
308881	27.450980392156865	5392	14:37:00
334831	27.450980392156865	5392	14:37:00
15|6
281112	27.450980392156865	5712	16:08:00
309256	27.450980392156865	5721	07:15:00
496762	27.450980392156865	5731	09:54:00
614925	27.450980392156865	5735	06:47:00
165824	27.450980392156865	5743	07:40:00
367313	27.450980392156865	5771	08:08:00
16|6
550452	27.450980392156865	5135	20:54:00
56437	27.450980392156865	5137	21:16:00
13379	27.450980392156865	5141	20:35:00
39046	27.450980392156865	5141	20:53:00
405897	27.450980392156865	5156	16:44:00
267723	27.450980392156865	5189	10:04:00
17|6
25205	27.450980392156865	4934	13:12:00
103410	27.450980392156865	4935	22:39:00
624550	27.450980392156865	4935	22:44:00
338242	27.450980392156865	4935	22:48:00
25311	27.450980392156865	4935	22:57:00
47310	27.450980392156865	4935	22:58:00
18|6
359811	27.450980392156865	5886	09:59:00
576535	27.450980392156865	5886	09:59:00
260310	27.450980392156865	5950	23:02:00
49509	27.450980392156865	6161	18:54:00
206975	27.450980392156865	6161	18:54:00
252459	27.450980392156865	6161	19:52:00
19|6
539904	27.450980392156865	4896	12:27:00
548098	27.450980392156865	4896	12:27:00
592747	27.450980392156865	4896	12:27:00
600770	27.450980392156865	4896	12:27:00
608376	27.450980392156865	4896	12:27:00
622325	27.450980392156865	4896	12:27:00
20|6
489371	27.450980392156865	4025	13:01:00
517526	27.450980392156865	4025	13:01:00
538823	27.450980392156865	4025	13:01:00
540934	27.450980392156865	4025	13:01:00
600770	27.450980392156865	4025	13:01:00
607946	27.450980392156865	4025	13:01:00
21|6
116469	27.450980392156865	4477	20:08:00
33730	27.450980392156865	4477	20:11:00
100025	27.450980392156865	4477	20:11:00
95970	27.450980392156865	4477	20:15:00
267723	27.450980392156865	4477	20:15:00
449769	27.450980392156865	4477	20:15:00
22|6
559390	27.450980392156865	4394	19:58:00
152442	27.450980392156865	4394	20:53:00
182003	27.450980392156865	4394	20:53:00
225679	27.450980392156865	4394	20:53:00
41414	27.450980392156865	4394	21:00:00
106447	27.450980392156865	4423	15:53:00
23|6
540166	27.450980392156865	4736	06:24:00
389637	27.450980392156865	4739	03:02:00
44531	27.450980392156865	4797	05:16:00
130559	27.450980392156865	4800	03:17:00
173049	27.450980392156865	4801	01:57:00
48550	27.450980392156865	4892	02:30:00
24|6
459622	27.450980392156865	5029	13:41:00
112126	27.450980392156865	5038	14:19:00
614925	27.450980392156865	5074	10:24:00
489371	27.450980392156865	5092	13:59:00
85222	27.450980392156865	5121	08:19:00
181089	27.450980392156865	5121	09:07:00
25|6
563692	27.450980392156865	3652	23:16:00
582591	27.450980392156865	3652	23:16:00
600770	27.450980392156865	3652	23:16:00
607946	27.450980392156865	3652	23:16:00
274703	27.450980392156865	3652	23:17:00
362307	27.450980392156865	3652	23:19:00
26|6
614243	27.450980392156865	4315	19:25:00
617646	27.450980392156865	4315	19:25:00
622325	27.450980392156865	4315	19:25:00
55629	27.450980392156865	4315	19:32:00
363904	27.450980392156865	4315	19:32:00
373402	27.450980392156865	4315	19:32:00
27|6
169081	27.450980392156865	4637	07:48:00
386683	27.450980392156865	4637	07:48:00
224051	27.450980392156865	4703	06:34:00
436056	27.450980392156865	4800	15:25:00
473055	27.450980392156865	4902	17:21:00
26226	27.450980392156865	4902	17:29:00
28|6
75707	27.450980392156865	6028	02:29:00
397543	27.450980392156865	6028	02:29:00
298685	27.450980392156865	6028	02:32:00
75410	27.450980392156865	6028	02:34:00
567631	27.450980392156865	6028	02:34:00
578903	27.450980392156865	6028	02:39:00
29|6
184754	27.450980392156865	5518	03:54:00
556366	27.450980392156865	5518	03:54:00
238646	27.450980392156865	5518	03:56:00
7876	27.450980392156865	5518	03:57:00
302000	27.450980392156865	5518	03:57:00
569396	27.450980392156865	5619	19:41:00
30|6
267846	27.450980392156865	3630	21:31:00
467178	27.450980392156865	3630	21:31:00
444949	27.450980392156865	4709	13:03:00
489457	27.450980392156865	4709	13:14:00
529957	27.450980392156865	4709	13:16:00
552786	27.450980392156865	4709	13:24:00
31|6
123929	27.450980392156865	5344	20:38:00
98718	27.450980392156865	5352	09:05:00
195434	27.450980392156865	5353	23:27:00
588686	27.450980392156865	5353	23:35:00
604347	27.450980392156865	5370	16:36:00
17497	27.450980392156865	5414	18:31:00
32|6
358441	27.450980392156865	4308	18:24:00
440694	27.450980392156865	4308	18:24:00
577474	27.450980392156865	4308	18:24:00
266281	27.450980392156865	4308	18:25:00
371598	27.450980392156865	4308	18:25:00
564115	27.450980392156865	4308	18:25:00
33|6
75943	27.450980392156865	4063	08:45:00
355155	27.450980392156865	4063	08:53:00
564115	27.450980392156865	4063	08:54:00
364683	27.450980392156865	4063	09:01:00
437608	27.450980392156865	4063	09:01:00
603145	27.450980392156865	4063	09:01:00
34|6
1188	27.450980392156865	4384	15:40:00
4132	27.450980392156865	4384	15:40:00
30125	27.450980392156865	4384	15:40:00
36422	27.450980392156865	4384	15:40:00
421158	27.450980392156865	4384	15:40:00
482854	27.450980392156865	4384	15:40:00
35|6
529098	27.450980392156865	5494	14:35:00
559371	27.450980392156865	5494	15:48:00
237542	27.450980392156865	5494	15:50:00
549463	27.450980392156865	5494	15:50:00
381626	27.450980392156865	5494	16:17:00
407756	27.450980392156865	5494	16:17:00
36|6
571905	27.450980392156865	4001	20:14:00
198370	27.450980392156865	4002	16:25:00
347177	27.450980392156865	4002	16:37:00
27598	27.450980392156865	4002	16:55:00
551806	27.450980392156865	4002	16:56:00
193586	27.450980392156865	4002	17:29:00
37|6
169627	27.450980392156865	5122	13:00:00
130254	27.450980392156865	5122	13:04:00
141393	27.450980392156865	5122	13:04:00
469645	27.450980392156865	5122	14:08:00
84209	27.450980392156865	5122	15:39:00
280641	27.450980392156865	5122	15:46:00
38|6
504528	27.450980392156865	5397	07:55:00
517718	27.450980392156865	5397	07:55:00
532569	27.450980392156865	5397	07:55:00
614243	27.450980392156865	5397	07:55:00
614925	27.450980392156865	5397	07:55:00
622325	27.450980392156865	5397	07:55:00
39|6
614925	27.450980392156865	4316	22:00:00
34525	27.450980392156865	4316	22:31:00
540166	27.450980392156865	4316	22:31:00
327744	27.450980392156865	4316	22:34:00
9986	27.450980392156865	4316	22:38:00
536930	27.450980392156865	4316	22:38:00
40|6
328269	27.450980392156865	4596	07:29:00
195544	27.450980392156865	4596	07:32:00
186013	27.450980392156865	4596	07:35:00
213529	27.450980392156865	4596	07:35:00
257054	27.450980392156865	4596	07:35:00
509660	27.450980392156865	4596	07:40:00
41|6
498148	27.450980392156865	3878	14:36:00
113311	27.450980392156865	3883	01:17:00
571579	27.450980392156865	3972	15:05:00
199025	27.450980392156865	4303	21:08:00
375693	27.450980392156865	4303	21:08:00
591163	27.450980392156865	4303	21:08:00
42|6
134908	27.450980392156865	4596	13:45:00
303711	27.450980392156865	4597	08:56:00
3669	27.450980392156865	4597	09:58:00
458099	27.450980392156865	4598	08:21:00
82555	27.450980392156865	4598	10:13:00
248920	27.450980392156865	4598	10:13:00
43|6
309068	27.450980392156865	4635	00:15:00
328957	27.450980392156865	4635	00:15:00
376863	27.450980392156865	4635	00:15:00
60117	27.450980392156865	4635	00:20:00
409361	27.450980392156865	4635	00:20:00
581975	27.450980392156865	4641	08:55:00
