0|6
550452	29.80392156862745	5229	18:10:00
323933	29.80392156862745	5802	11:05:00
159248	29.80392156862745	5802	11:27:00
554099	29.80392156862745	5815	16:02:00
70896	29.80392156862745	5815	16:26:00
518385	29.80392156862745	5815	16:38:00
1|6
614243	29.80392156862745	5424	15:27:00
616649	29.80392156862745	5424	15:27:00
617646	29.80392156862745	5424	15:27:00
620594	29.80392156862745	5424	15:27:00
622325	29.80392156862745	5424	15:27:00
623778	29.80392156862745	5424	15:27:00
2|6
521716	29.80392156862745	4220	10:26:00
531386	29.80392156862745	4220	10:26:00
534002	29.80392156862745	4220	10:26:00
602548	29.80392156862745	4220	10:26:00
297989	29.80392156862745	5332	13:11:00
532569	29.80392156862745	5332	13:13:00
3|6
266898	29.80392156862745	3811	14:01:00
577089	29.80392156862745	3811	14:07:00
418340	29.80392156862745	3811	14:50:00
489371	29.80392156862745	4387	18:43:00
541471	29.80392156862745	4387	19:16:00
230010	29.80392156862745	4458	14:32:00
4|6
160409	29.80392156862745	4859	11:24:00
309265	29.80392156862745	4866	13:54:00
566574	29.80392156862745	4866	13:54:00
94767	29.80392156862745	4885	13:18:00
617491	29.80392156862745	4893	13:40:00
561044	29.80392156862745	4894	13:41:00
5|6
55372	29.80392156862745	5226	13:41:00
568050	29.80392156862745	5226	13:41:00
614805	29.80392156862745	5226	13:41:00
374622	29.80392156862745	5226	13:42:00
390355	29.80392156862745	5226	13:42:00
600781	29.80392156862745	5226	13:42:00
6|6
34428	29.80392156862745	5092	15:36:00
370386	29.80392156862745	5092	15:36:00
614925	29.80392156862745	5092	15:37:00
248723	29.80392156862745	5092	15:40:00
252962	29.80392156862745	5092	15:40:00
504528	29.80392156862745	5092	15:40:00
7|6
591369	29.80392156862745	6033	19:54:00
28621	29.80392156862745	6033	19:55:00
40189	29.80392156862745	6033	19:55:00
434891	29.80392156862745	6033	19:55:00
80657	29.80392156862745	6033	19:57:00
532790	29.80392156862745	6033	20:00:00
8|6
532569	29.80392156862745	4998	14:28:00
558154	29.80392156862745	4998	14:28:00
569179	29.80392156862745	4998	14:28:00
574204	29.80392156862745	4998	14:28:00
622325	29.80392156862745	4998	14:28:00
213829	29.80392156862745	4998	14:50:00
9|6
531386	29.80392156862745	4607	22:13:00
532569	29.80392156862745	4607	22:13:00
592747	29.80392156862745	4607	22:13:00
602602	29.80392156862745	4607	22:13:00
614925	29.80392156862745	4607	22:13:00
622325	29.80392156862745	4607	22:13:00
10|6
453396	29.80392156862745	3546	10:12:00
587636	29.80392156862745	3546	10:12:00
591461	29.80392156862745	3546	10:12:00
596241	29.80392156862745	3546	10:12:00
612520	29.80392156862745	3546	10:12:00
616649	29.80392156862745	3546	10:12:00
11|6
533053	29.80392156862745	4665	22:26:00
2273	29.80392156862745	4670	19:46:00
117627	29.80392156862745	4670	19:47:00
436796	29.80392156862745	4670	19:48:00
613923	29.80392156862745	4670	19:52:00
359283	29.80392156862745	4670	19:56:00
12|6
275010	29.80392156862745	5070	00:06:00
46030	29.80392156862745	5070	00:17:00
29235	29.80392156862745	5070	00:19:00
498179	29.80392156862745	5070	00:19:00
556541	29.80392156862745	5070	00:19:00
558814	29.80392156862745	5172	14:59:00
13|6
546992	29.80392156862745	4980	00:39:00
567726	29.80392156862745	4980	00:39:00
583090	29.80392156862745	4980	00:39:00
587636	29.80392156862745	4980	00:39:00
616649	29.80392156862745	4980	00:39:00
617646	29.80392156862745	4980	00:39:00
14|6
543905	29.80392156862745	5387	10:21:00
572538	29.80392156862745	5387	10:21:00
28590	29.80392156862745	5391	05:24:00
268594	29.80392156862745	5392	14:37:00
308881	29.80392156862745	5392	14:37:00
334831	29.80392156862745	5392	14:37:00
15|6
281112	29.80392156862745	5712	16:08:00
309256	29.80392156862745	5721	07:15:00
496762	29.80392156862745	5731	09:54:00
614925	29.80392156862745	5735	06:47:00
165824	29.80392156862745	5743	07:40:00
367313	29.80392156862745	5771	08:08:00
16|6
550452	29.80392156862745	5135	20:54:00
56437	29.80392156862745	5137	21:16:00
13379	29.80392156862745	5141	20:35:00
39046	29.80392156862745	5141	20:53:00
405897	29.80392156862745	5156	16:44:00
267723	29.80392156862745	5189	10:04:00
17|6
25205	29.80392156862745	4934	13:12:00
103410	29.80392156862745	4935	22:39:00
624550	29.80392156862745	4935	22:44:00
338242	29.80392156862745	4935	22:48:00
25311	29.80392156862745	4935	22:57:00
47310	29.80392156862745	4935	22:58:00
18|6
359811	29.80392156862745	5886	09:59:00
576535	29.80392156862745	5886	09:59:00
260310	29.80392156862745	5950	23:02:00
49509	29.80392156862745	6161	18:54:00
206975	29.80392156862745	6161	18:54:00
252459	29.80392156862745	6161	19:52:00
19|6
539904	29.80392156862745	4896	12:27:00
548098	29.80392156862745	4896	12:27:00
592747	29.80392156862745	4896	12:27:00
600770	29.80392156862745	4896	12:27:00
608376	29.80392156862745	4896	12:27:00
622325	29.80392156862745	4896	12:27:00
20|6
489371	29.80392156862745	4025	13:01:00
517526	29.80392156862745	4025	13:01:00
538823	29.80392156862745	4025	13:01:00
540934	29.80392156862745	4025	13:01:00
600770	29.80392156862745	4025	13:01:00
607946	29.80392156862745	4025	13:01:00
21|6
116469	29.80392156862745	4477	20:08:00
33730	29.80392156862745	4477	20:11:00
100025	29.80392156862745	4477	20:11:00
95970	29.80392156862745	4477	20:15:00
267723	29.80392156862745	4477	20:15:00
449769	29.80392156862745	4477	20:15:00
22|6
559390	29.80392156862745	4394	19:58:00
152442	29.80392156862745	4394	20:53:00
182003	29.80392156862745	4394	20:53:00
225679	29.80392156862745	4394	20:53:00
41414	29.80392156862745	4394	21:00:00
106447	29.80392156862745	4423	15:53:00
23|6
540166	29.80392156862745	4736	06:24:00
389637	29.80392156862745	4739	03:02:00
44531	29.80392156862745	4797	05:16:00
130559	29.80392156862745	4800	03:17:00
173049	29.80392156862745	4801	01:57:00
48550	29.80392156862745	4892	02:30:00
24|6
459622	29.80392156862745	5029	13:41:00
112126	29.80392156862745	5038	14:19:00
614925	29.80392156862745	5074	10:24:00
489371	29.80392156862745	5092	13:59:00
85222	29.80392156862745	5121	08:19:00
181089	29.80392156862745	5121	09:07:00
25|6
563692	29.80392156862745	3652	23:16:00
582591	29.80392156862745	3652	23:16:00
600770	29.80392156862745	3652	23:16:00
607946	29.80392156862745	3652	23:16:00
274703	29.80392156862745	3652	23:17:00
362307	29.80392156862745	3652	23:19:00
26|6
614243	29.80392156862745	4315	19:25:00
617646	29.80392156862745	4315	19:25:00
622325	29.80392156862745	4315	19:25:00
55629	29.80392156862745	4315	19:32:00
363904	29.80392156862745	4315	19:32:00
373402	29.80392156862745	4315	19:32:00
27|6
169081	29.80392156862745	4637	07:48:00
386683	29.80392156862745	4637	07:48:00
224051	29.80392156862745	4703	06:34:00
436056	29.80392156862745	4800	15:25:00
473055	29.80392156862745	4902	17:21:00
26226	29.80392156862745	4902	17:29:00
28|6
75707	29.80392156862745	6028	02:29:00
397543	29.80392156862745	6028	02:29:00
298685	29.80392156862745	6028	02:32:00
75410	29.80392156862745	6028	02:34:00
567631	29.80392156862745	6028	02:34:00
578903	29.80392156862745	6028	02:39:00
29|6
184754	29.80392156862745	5518	03:54:00
556366	29.80392156862745	5518	03:54:00
238646	29.80392156862745	5518	03:56:00
7876	29.80392156862745	5518	03:57:00
302000	29.80392156862745	5518	03:57:00
569396	29.80392156862745	5619	19:41:00
30|6
267846	29.80392156862745	3630	21:31:00
467178	29.80392156862745	3630	21:31:00
444949	29.80392156862745	4709	13:03:00
489457	29.80392156862745	4709	13:14:00
529957	29.80392156862745	4709	13:16:00
552786	29.80392156862745	4709	13:24:00
31|6
123929	29.80392156862745	5344	20:38:00
98718	29.80392156862745	5352	09:05:00
195434	29.80392156862745	5353	23:27:00
588686	29.80392156862745	5353	23:35:00
604347	29.80392156862745	5370	16:36:00
17497	29.80392156862745	5414	18:31:00
32|6
358441	29.80392156862745	4308	18:24:00
440694	29.80392156862745	4308	18:24:00
577474	29.80392156862745	4308	18:24:00
266281	29.80392156862745	4308	18:25:00
371598	29.80392156862745	4308	18:25:00
564115	29.80392156862745	4308	18:25:00
33|6
75943	29.80392156862745	4063	08:45:00
355155	29.80392156862745	4063	08:53:00
564115	29.80392156862745	4063	08:54:00
364683	29.80392156862745	4063	09:01:00
437608	29.80392156862745	4063	09:01:00
603145	29.80392156862745	4063	09:01:00
34|6
1188	29.80392156862745	4384	15:40:00
4132	29.80392156862745	4384	15:40:00
30125	29.80392156862745	4384	15:40:00
36422	29.80392156862745	4384	15:40:00
421158	29.80392156862745	4384	15:40:00
482854	29.80392156862745	4384	15:40:00
35|6
529098	29.80392156862745	5494	14:35:00
559371	29.80392156862745	5494	15:48:00
237542	29.80392156862745	5494	15:50:00
549463	29.80392156862745	5494	15:50:00
381626	29.80392156862745	5494	16:17:00
407756	29.80392156862745	5494	16:17:00
36|6
571905	29.80392156862745	4001	20:14:00
198370	29.80392156862745	4002	16:25:00
347177	29.80392156862745	4002	16:37:00
27598	29.80392156862745	4002	16:55:00
551806	29.80392156862745	4002	16:56:00
193586	29.80392156862745	4002	17:29:00
37|6
169627	29.80392156862745	5122	13:00:00
130254	29.80392156862745	5122	13:04:00
141393	29.80392156862745	5122	13:04:00
469645	29.80392156862745	5122	14:08:00
84209	29.80392156862745	5122	15:39:00
280641	29.80392156862745	5122	15:46:00
38|6
504528	29.80392156862745	5397	07:55:00
517718	29.80392156862745	5397	07:55:00
532569	29.80392156862745	5397	07:55:00
614243	29.80392156862745	5397	07:55:00
614925	29.80392156862745	5397	07:55:00
622325	29.80392156862745	5397	07:55:00
39|6
614925	29.80392156862745	4316	22:00:00
34525	29.80392156862745	4316	22:31:00
540166	29.80392156862745	4316	22:31:00
327744	29.80392156862745	4316	22:34:00
9986	29.80392156862745	4316	22:38:00
536930	29.80392156862745	4316	22:38:00
40|6
328269	29.80392156862745	4596	07:29:00
195544	29.80392156862745	4596	07:32:00
186013	29.80392156862745	4596	07:35:00
213529	29.80392156862745	4596	07:35:00
257054	29.80392156862745	4596	07:35:00
509660	29.80392156862745	4596	07:40:00
41|6
498148	29.80392156862745	3878	14:36:00
113311	29.80392156862745	3883	01:17:00
571579	29.80392156862745	3972	15:05:00
199025	29.80392156862745	4303	21:08:00
375693	29.80392156862745	4303	21:08:00
591163	29.80392156862745	4303	21:08:00
42|6
134908	29.80392156862745	4596	13:45:00
303711	29.80392156862745	4597	08:56:00
3669	29.80392156862745	4597	09:58:00
458099	29.80392156862745	4598	08:21:00
82555	29.80392156862745	4598	10:13:00
248920	29.80392156862745	4598	10:13:00
43|6
309068	29.80392156862745	4635	00:15:00
328957	29.80392156862745	4635	00:15:00
376863	29.80392156862745	4635	00:15:00
60117	29.80392156862745	4635	00:20:00
409361	29.80392156862745	4635	00:20:00
581975	29.80392156862745	4641	08:55:00
