0|6
550452	30.58823529411765	5229	18:10:00
323933	30.58823529411765	5802	11:05:00
159248	30.58823529411765	5802	11:27:00
554099	30.58823529411765	5815	16:02:00
70896	30.58823529411765	5815	16:26:00
518385	30.58823529411765	5815	16:38:00
1|6
614243	30.58823529411765	5424	15:27:00
616649	30.58823529411765	5424	15:27:00
617646	30.58823529411765	5424	15:27:00
620594	30.58823529411765	5424	15:27:00
622325	30.58823529411765	5424	15:27:00
623778	30.58823529411765	5424	15:27:00
2|6
521716	30.58823529411765	4220	10:26:00
531386	30.58823529411765	4220	10:26:00
534002	30.58823529411765	4220	10:26:00
602548	30.58823529411765	4220	10:26:00
297989	30.58823529411765	5332	13:11:00
532569	30.58823529411765	5332	13:13:00
3|6
266898	30.58823529411765	3811	14:01:00
577089	30.58823529411765	3811	14:07:00
418340	30.58823529411765	3811	14:50:00
489371	30.58823529411765	4387	18:43:00
541471	30.58823529411765	4387	19:16:00
230010	30.58823529411765	4458	14:32:00
4|6
160409	30.58823529411765	4859	11:24:00
309265	30.58823529411765	4866	13:54:00
566574	30.58823529411765	4866	13:54:00
94767	30.58823529411765	4885	13:18:00
617491	30.58823529411765	4893	13:40:00
561044	30.58823529411765	4894	13:41:00
5|6
55372	30.58823529411765	5226	13:41:00
568050	30.58823529411765	5226	13:41:00
614805	30.58823529411765	5226	13:41:00
374622	30.58823529411765	5226	13:42:00
390355	30.58823529411765	5226	13:42:00
600781	30.58823529411765	5226	13:42:00
6|6
34428	30.58823529411765	5092	15:36:00
370386	30.58823529411765	5092	15:36:00
614925	30.58823529411765	5092	15:37:00
248723	30.58823529411765	5092	15:40:00
252962	30.58823529411765	5092	15:40:00
504528	30.58823529411765	5092	15:40:00
7|6
591369	30.58823529411765	6033	19:54:00
28621	30.58823529411765	6033	19:55:00
40189	30.58823529411765	6033	19:55:00
434891	30.58823529411765	6033	19:55:00
80657	30.58823529411765	6033	19:57:00
532790	30.58823529411765	6033	20:00:00
8|6
532569	30.58823529411765	4998	14:28:00
558154	30.58823529411765	4998	14:28:00
569179	30.58823529411765	4998	14:28:00
574204	30.58823529411765	4998	14:28:00
622325	30.58823529411765	4998	14:28:00
213829	30.58823529411765	4998	14:50:00
9|6
531386	30.58823529411765	4607	22:13:00
532569	30.58823529411765	4607	22:13:00
592747	30.58823529411765	4607	22:13:00
602602	30.58823529411765	4607	22:13:00
614925	30.58823529411765	4607	22:13:00
622325	30.58823529411765	4607	22:13:00
10|6
453396	30.58823529411765	3546	10:12:00
587636	30.58823529411765	3546	10:12:00
591461	30.58823529411765	3546	10:12:00
596241	30.58823529411765	3546	10:12:00
612520	30.58823529411765	3546	10:12:00
616649	30.58823529411765	3546	10:12:00
11|6
533053	30.58823529411765	4665	22:26:00
2273	30.58823529411765	4670	19:46:00
117627	30.58823529411765	4670	19:47:00
436796	30.58823529411765	4670	19:48:00
613923	30.58823529411765	4670	19:52:00
359283	30.58823529411765	4670	19:56:00
12|6
275010	30.58823529411765	5070	00:06:00
46030	30.58823529411765	5070	00:17:00
29235	30.58823529411765	5070	00:19:00
498179	30.58823529411765	5070	00:19:00
556541	30.58823529411765	5070	00:19:00
558814	30.58823529411765	5172	14:59:00
13|6
546992	30.58823529411765	4980	00:39:00
567726	30.58823529411765	4980	00:39:00
583090	30.58823529411765	4980	00:39:00
587636	30.58823529411765	4980	00:39:00
616649	30.58823529411765	4980	00:39:00
617646	30.58823529411765	4980	00:39:00
14|6
543905	30.58823529411765	5387	10:21:00
572538	30.58823529411765	5387	10:21:00
28590	30.58823529411765	5391	05:24:00
268594	30.58823529411765	5392	14:37:00
308881	30.58823529411765	5392	14:37:00
334831	30.58823529411765	5392	14:37:00
15|6
281112	30.58823529411765	5712	16:08:00
309256	30.58823529411765	5721	07:15:00
496762	30.58823529411765	5731	09:54:00
614925	30.58823529411765	5735	06:47:00
165824	30.58823529411765	5743	07:40:00
367313	30.58823529411765	5771	08:08:00
16|6
550452	30.58823529411765	5135	20:54:00
56437	30.58823529411765	5137	21:16:00
13379	30.58823529411765	5141	20:35:00
39046	30.58823529411765	5141	20:53:00
405897	30.58823529411765	5156	16:44:00
267723	30.58823529411765	5189	10:04:00
17|6
25205	30.58823529411765	4934	13:12:00
103410	30.58823529411765	4935	22:39:00
624550	30.58823529411765	4935	22:44:00
338242	30.58823529411765	4935	22:48:00
25311	30.58823529411765	4935	22:57:00
47310	30.58823529411765	4935	22:58:00
18|6
359811	30.58823529411765	5886	09:59:00
576535	30.58823529411765	5886	09:59:00
260310	30.58823529411765	5950	23:02:00
49509	30.58823529411765	6161	18:54:00
206975	30.58823529411765	6161	18:54:00
252459	30.58823529411765	6161	19:52:00
19|6
539904	30.58823529411765	4896	12:27:00
548098	30.58823529411765	4896	12:27:00
592747	30.58823529411765	4896	12:27:00
600770	30.58823529411765	4896	12:27:00
608376	30.58823529411765	4896	12:27:00
622325	30.58823529411765	4896	12:27:00
20|6
489371	30.58823529411765	4025	13:01:00
517526	30.58823529411765	4025	13:01:00
538823	30.58823529411765	4025	13:01:00
540934	30.58823529411765	4025	13:01:00
600770	30.58823529411765	4025	13:01:00
607946	30.58823529411765	4025	13:01:00
21|6
116469	30.58823529411765	4477	20:08:00
33730	30.58823529411765	4477	20:11:00
100025	30.58823529411765	4477	20:11:00
95970	30.58823529411765	4477	20:15:00
267723	30.58823529411765	4477	20:15:00
449769	30.58823529411765	4477	20:15:00
22|6
559390	30.58823529411765	4394	19:58:00
152442	30.58823529411765	4394	20:53:00
182003	30.58823529411765	4394	20:53:00
225679	30.58823529411765	4394	20:53:00
41414	30.58823529411765	4394	21:00:00
106447	30.58823529411765	4423	15:53:00
23|6
540166	30.58823529411765	4736	06:24:00
389637	30.58823529411765	4739	03:02:00
44531	30.58823529411765	4797	05:16:00
130559	30.58823529411765	4800	03:17:00
173049	30.58823529411765	4801	01:57:00
48550	30.58823529411765	4892	02:30:00
24|6
459622	30.58823529411765	5029	13:41:00
112126	30.58823529411765	5038	14:19:00
614925	30.58823529411765	5074	10:24:00
489371	30.58823529411765	5092	13:59:00
85222	30.58823529411765	5121	08:19:00
181089	30.58823529411765	5121	09:07:00
25|6
563692	30.58823529411765	3652	23:16:00
582591	30.58823529411765	3652	23:16:00
600770	30.58823529411765	3652	23:16:00
607946	30.58823529411765	3652	23:16:00
274703	30.58823529411765	3652	23:17:00
362307	30.58823529411765	3652	23:19:00
26|6
614243	30.58823529411765	4315	19:25:00
617646	30.58823529411765	4315	19:25:00
622325	30.58823529411765	4315	19:25:00
55629	30.58823529411765	4315	19:32:00
363904	30.58823529411765	4315	19:32:00
373402	30.58823529411765	4315	19:32:00
27|6
169081	30.58823529411765	4637	07:48:00
386683	30.58823529411765	4637	07:48:00
224051	30.58823529411765	4703	06:34:00
436056	30.58823529411765	4800	15:25:00
473055	30.58823529411765	4902	17:21:00
26226	30.58823529411765	4902	17:29:00
28|6
75707	30.58823529411765	6028	02:29:00
397543	30.58823529411765	6028	02:29:00
298685	30.58823529411765	6028	02:32:00
75410	30.58823529411765	6028	02:34:00
567631	30.58823529411765	6028	02:34:00
578903	30.58823529411765	6028	02:39:00
29|6
184754	30.58823529411765	5518	03:54:00
556366	30.58823529411765	5518	03:54:00
238646	30.58823529411765	5518	03:56:00
7876	30.58823529411765	5518	03:57:00
302000	30.58823529411765	5518	03:57:00
569396	30.58823529411765	5619	19:41:00
30|6
267846	30.58823529411765	3630	21:31:00
467178	30.58823529411765	3630	21:31:00
444949	30.58823529411765	4709	13:03:00
489457	30.58823529411765	4709	13:14:00
529957	30.58823529411765	4709	13:16:00
552786	30.58823529411765	4709	13:24:00
31|6
123929	30.58823529411765	5344	20:38:00
98718	30.58823529411765	5352	09:05:00
195434	30.58823529411765	5353	23:27:00
588686	30.58823529411765	5353	23:35:00
604347	30.58823529411765	5370	16:36:00
17497	30.58823529411765	5414	18:31:00
32|6
358441	30.58823529411765	4308	18:24:00
440694	30.58823529411765	4308	18:24:00
577474	30.58823529411765	4308	18:24:00
266281	30.58823529411765	4308	18:25:00
371598	30.58823529411765	4308	18:25:00
564115	30.58823529411765	4308	18:25:00
33|6
75943	30.58823529411765	4063	08:45:00
355155	30.58823529411765	4063	08:53:00
564115	30.58823529411765	4063	08:54:00
364683	30.58823529411765	4063	09:01:00
437608	30.58823529411765	4063	09:01:00
603145	30.58823529411765	4063	09:01:00
34|6
1188	30.58823529411765	4384	15:40:00
4132	30.58823529411765	4384	15:40:00
30125	30.58823529411765	4384	15:40:00
36422	30.58823529411765	4384	15:40:00
421158	30.58823529411765	4384	15:40:00
482854	30.58823529411765	4384	15:40:00
35|6
529098	30.58823529411765	5494	14:35:00
559371	30.58823529411765	5494	15:48:00
237542	30.58823529411765	5494	15:50:00
549463	30.58823529411765	5494	15:50:00
381626	30.58823529411765	5494	16:17:00
407756	30.58823529411765	5494	16:17:00
36|6
571905	30.58823529411765	4001	20:14:00
198370	30.58823529411765	4002	16:25:00
347177	30.58823529411765	4002	16:37:00
27598	30.58823529411765	4002	16:55:00
551806	30.58823529411765	4002	16:56:00
193586	30.58823529411765	4002	17:29:00
37|6
169627	30.58823529411765	5122	13:00:00
130254	30.58823529411765	5122	13:04:00
141393	30.58823529411765	5122	13:04:00
469645	30.58823529411765	5122	14:08:00
84209	30.58823529411765	5122	15:39:00
280641	30.58823529411765	5122	15:46:00
38|6
504528	30.58823529411765	5397	07:55:00
517718	30.58823529411765	5397	07:55:00
532569	30.58823529411765	5397	07:55:00
614243	30.58823529411765	5397	07:55:00
614925	30.58823529411765	5397	07:55:00
622325	30.58823529411765	5397	07:55:00
39|6
614925	30.58823529411765	4316	22:00:00
34525	30.58823529411765	4316	22:31:00
540166	30.58823529411765	4316	22:31:00
327744	30.58823529411765	4316	22:34:00
9986	30.58823529411765	4316	22:38:00
536930	30.58823529411765	4316	22:38:00
40|6
328269	30.58823529411765	4596	07:29:00
195544	30.58823529411765	4596	07:32:00
186013	30.58823529411765	4596	07:35:00
213529	30.58823529411765	4596	07:35:00
257054	30.58823529411765	4596	07:35:00
509660	30.58823529411765	4596	07:40:00
41|6
498148	30.58823529411765	3878	14:36:00
113311	30.58823529411765	3883	01:17:00
571579	30.58823529411765	3972	15:05:00
199025	30.58823529411765	4303	21:08:00
375693	30.58823529411765	4303	21:08:00
591163	30.58823529411765	4303	21:08:00
42|6
134908	30.58823529411765	4596	13:45:00
303711	30.58823529411765	4597	08:56:00
3669	30.58823529411765	4597	09:58:00
458099	30.58823529411765	4598	08:21:00
82555	30.58823529411765	4598	10:13:00
248920	30.58823529411765	4598	10:13:00
43|6
309068	30.58823529411765	4635	00:15:00
328957	30.58823529411765	4635	00:15:00
376863	30.58823529411765	4635	00:15:00
60117	30.58823529411765	4635	00:20:00
409361	30.58823529411765	4635	00:20:00
581975	30.58823529411765	4641	08:55:00
