0|6
550452	31.372549019607842	5229	18:10:00
323933	31.372549019607842	5802	11:05:00
159248	31.372549019607842	5802	11:27:00
554099	31.372549019607842	5815	16:02:00
70896	31.372549019607842	5815	16:26:00
518385	31.372549019607842	5815	16:38:00
1|6
614243	31.372549019607842	5424	15:27:00
616649	31.372549019607842	5424	15:27:00
617646	31.372549019607842	5424	15:27:00
620594	31.372549019607842	5424	15:27:00
622325	31.372549019607842	5424	15:27:00
623778	31.372549019607842	5424	15:27:00
2|6
521716	31.372549019607842	4220	10:26:00
531386	31.372549019607842	4220	10:26:00
534002	31.372549019607842	4220	10:26:00
602548	31.372549019607842	4220	10:26:00
297989	31.372549019607842	5332	13:11:00
532569	31.372549019607842	5332	13:13:00
3|6
266898	31.372549019607842	3811	14:01:00
577089	31.372549019607842	3811	14:07:00
418340	31.372549019607842	3811	14:50:00
489371	31.372549019607842	4387	18:43:00
541471	31.372549019607842	4387	19:16:00
230010	31.372549019607842	4458	14:32:00
4|6
160409	31.372549019607842	4859	11:24:00
309265	31.372549019607842	4866	13:54:00
566574	31.372549019607842	4866	13:54:00
94767	31.372549019607842	4885	13:18:00
617491	31.372549019607842	4893	13:40:00
561044	31.372549019607842	4894	13:41:00
5|6
55372	31.372549019607842	5226	13:41:00
568050	31.372549019607842	5226	13:41:00
614805	31.372549019607842	5226	13:41:00
374622	31.372549019607842	5226	13:42:00
390355	31.372549019607842	5226	13:42:00
600781	31.372549019607842	5226	13:42:00
6|6
34428	31.372549019607842	5092	15:36:00
370386	31.372549019607842	5092	15:36:00
614925	31.372549019607842	5092	15:37:00
248723	31.372549019607842	5092	15:40:00
252962	31.372549019607842	5092	15:40:00
504528	31.372549019607842	5092	15:40:00
7|6
591369	31.372549019607842	6033	19:54:00
28621	31.372549019607842	6033	19:55:00
40189	31.372549019607842	6033	19:55:00
434891	31.372549019607842	6033	19:55:00
80657	31.372549019607842	6033	19:57:00
532790	31.372549019607842	6033	20:00:00
8|6
532569	31.372549019607842	4998	14:28:00
558154	31.372549019607842	4998	14:28:00
569179	31.372549019607842	4998	14:28:00
574204	31.372549019607842	4998	14:28:00
622325	31.372549019607842	4998	14:28:00
213829	31.372549019607842	4998	14:50:00
9|6
531386	31.372549019607842	4607	22:13:00
532569	31.372549019607842	4607	22:13:00
592747	31.372549019607842	4607	22:13:00
602602	31.372549019607842	4607	22:13:00
614925	31.372549019607842	4607	22:13:00
622325	31.372549019607842	4607	22:13:00
10|6
453396	31.372549019607842	3546	10:12:00
587636	31.372549019607842	3546	10:12:00
591461	31.372549019607842	3546	10:12:00
596241	31.372549019607842	3546	10:12:00
612520	31.372549019607842	3546	10:12:00
616649	31.372549019607842	3546	10:12:00
11|6
533053	31.372549019607842	4665	22:26:00
2273	31.372549019607842	4670	19:46:00
117627	31.372549019607842	4670	19:47:00
436796	31.372549019607842	4670	19:48:00
613923	31.372549019607842	4670	19:52:00
359283	31.372549019607842	4670	19:56:00
12|6
275010	31.372549019607842	5070	00:06:00
46030	31.372549019607842	5070	00:17:00
29235	31.372549019607842	5070	00:19:00
498179	31.372549019607842	5070	00:19:00
556541	31.372549019607842	5070	00:19:00
558814	31.372549019607842	5172	14:59:00
13|6
546992	31.372549019607842	4980	00:39:00
567726	31.372549019607842	4980	00:39:00
583090	31.372549019607842	4980	00:39:00
587636	31.372549019607842	4980	00:39:00
616649	31.372549019607842	4980	00:39:00
617646	31.372549019607842	4980	00:39:00
14|6
543905	31.372549019607842	5387	10:21:00
572538	31.372549019607842	5387	10:21:00
28590	31.372549019607842	5391	05:24:00
268594	31.372549019607842	5392	14:37:00
308881	31.372549019607842	5392	14:37:00
334831	31.372549019607842	5392	14:37:00
15|6
281112	31.372549019607842	5712	16:08:00
309256	31.372549019607842	5721	07:15:00
496762	31.372549019607842	5731	09:54:00
614925	31.372549019607842	5735	06:47:00
165824	31.372549019607842	5743	07:40:00
367313	31.372549019607842	5771	08:08:00
16|6
550452	31.372549019607842	5135	20:54:00
56437	31.372549019607842	5137	21:16:00
13379	31.372549019607842	5141	20:35:00
39046	31.372549019607842	5141	20:53:00
405897	31.372549019607842	5156	16:44:00
267723	31.372549019607842	5189	10:04:00
17|6
25205	31.372549019607842	4934	13:12:00
103410	31.372549019607842	4935	22:39:00
624550	31.372549019607842	4935	22:44:00
338242	31.372549019607842	4935	22:48:00
25311	31.372549019607842	4935	22:57:00
47310	31.372549019607842	4935	22:58:00
18|6
359811	31.372549019607842	5886	09:59:00
576535	31.372549019607842	5886	09:59:00
260310	31.372549019607842	5950	23:02:00
49509	31.372549019607842	6161	18:54:00
206975	31.372549019607842	6161	18:54:00
252459	31.372549019607842	6161	19:52:00
19|6
539904	31.372549019607842	4896	12:27:00
548098	31.372549019607842	4896	12:27:00
592747	31.372549019607842	4896	12:27:00
600770	31.372549019607842	4896	12:27:00
608376	31.372549019607842	4896	12:27:00
622325	31.372549019607842	4896	12:27:00
20|6
489371	31.372549019607842	4025	13:01:00
517526	31.372549019607842	4025	13:01:00
538823	31.372549019607842	4025	13:01:00
540934	31.372549019607842	4025	13:01:00
600770	31.372549019607842	4025	13:01:00
607946	31.372549019607842	4025	13:01:00
21|6
116469	31.372549019607842	4477	20:08:00
33730	31.372549019607842	4477	20:11:00
100025	31.372549019607842	4477	20:11:00
95970	31.372549019607842	4477	20:15:00
267723	31.372549019607842	4477	20:15:00
449769	31.372549019607842	4477	20:15:00
22|6
559390	31.372549019607842	4394	19:58:00
152442	31.372549019607842	4394	20:53:00
182003	31.372549019607842	4394	20:53:00
225679	31.372549019607842	4394	20:53:00
41414	31.372549019607842	4394	21:00:00
106447	31.372549019607842	4423	15:53:00
23|6
540166	31.372549019607842	4736	06:24:00
389637	31.372549019607842	4739	03:02:00
44531	31.372549019607842	4797	05:16:00
130559	31.372549019607842	4800	03:17:00
173049	31.372549019607842	4801	01:57:00
48550	31.372549019607842	4892	02:30:00
24|6
459622	31.372549019607842	5029	13:41:00
112126	31.372549019607842	5038	14:19:00
614925	31.372549019607842	5074	10:24:00
489371	31.372549019607842	5092	13:59:00
85222	31.372549019607842	5121	08:19:00
181089	31.372549019607842	5121	09:07:00
25|6
563692	31.372549019607842	3652	23:16:00
582591	31.372549019607842	3652	23:16:00
600770	31.372549019607842	3652	23:16:00
607946	31.372549019607842	3652	23:16:00
274703	31.372549019607842	3652	23:17:00
362307	31.372549019607842	3652	23:19:00
26|6
614243	31.372549019607842	4315	19:25:00
617646	31.372549019607842	4315	19:25:00
622325	31.372549019607842	4315	19:25:00
55629	31.372549019607842	4315	19:32:00
363904	31.372549019607842	4315	19:32:00
373402	31.372549019607842	4315	19:32:00
27|6
169081	31.372549019607842	4637	07:48:00
386683	31.372549019607842	4637	07:48:00
224051	31.372549019607842	4703	06:34:00
436056	31.372549019607842	4800	15:25:00
473055	31.372549019607842	4902	17:21:00
26226	31.372549019607842	4902	17:29:00
28|6
75707	31.372549019607842	6028	02:29:00
397543	31.372549019607842	6028	02:29:00
298685	31.372549019607842	6028	02:32:00
75410	31.372549019607842	6028	02:34:00
567631	31.372549019607842	6028	02:34:00
578903	31.372549019607842	6028	02:39:00
29|6
184754	31.372549019607842	5518	03:54:00
556366	31.372549019607842	5518	03:54:00
238646	31.372549019607842	5518	03:56:00
7876	31.372549019607842	5518	03:57:00
302000	31.372549019607842	5518	03:57:00
569396	31.372549019607842	5619	19:41:00
30|6
267846	31.372549019607842	3630	21:31:00
467178	31.372549019607842	3630	21:31:00
444949	31.372549019607842	4709	13:03:00
489457	31.372549019607842	4709	13:14:00
529957	31.372549019607842	4709	13:16:00
552786	31.372549019607842	4709	13:24:00
31|6
123929	31.372549019607842	5344	20:38:00
98718	31.372549019607842	5352	09:05:00
195434	31.372549019607842	5353	23:27:00
588686	31.372549019607842	5353	23:35:00
604347	31.372549019607842	5370	16:36:00
17497	31.372549019607842	5414	18:31:00
32|6
358441	31.372549019607842	4308	18:24:00
440694	31.372549019607842	4308	18:24:00
577474	31.372549019607842	4308	18:24:00
266281	31.372549019607842	4308	18:25:00
371598	31.372549019607842	4308	18:25:00
564115	31.372549019607842	4308	18:25:00
33|6
75943	31.372549019607842	4063	08:45:00
355155	31.372549019607842	4063	08:53:00
564115	31.372549019607842	4063	08:54:00
364683	31.372549019607842	4063	09:01:00
437608	31.372549019607842	4063	09:01:00
603145	31.372549019607842	4063	09:01:00
34|6
1188	31.372549019607842	4384	15:40:00
4132	31.372549019607842	4384	15:40:00
30125	31.372549019607842	4384	15:40:00
36422	31.372549019607842	4384	15:40:00
421158	31.372549019607842	4384	15:40:00
482854	31.372549019607842	4384	15:40:00
35|6
529098	31.372549019607842	5494	14:35:00
559371	31.372549019607842	5494	15:48:00
237542	31.372549019607842	5494	15:50:00
549463	31.372549019607842	5494	15:50:00
381626	31.372549019607842	5494	16:17:00
407756	31.372549019607842	5494	16:17:00
36|6
571905	31.372549019607842	4001	20:14:00
198370	31.372549019607842	4002	16:25:00
347177	31.372549019607842	4002	16:37:00
27598	31.372549019607842	4002	16:55:00
551806	31.372549019607842	4002	16:56:00
193586	31.372549019607842	4002	17:29:00
37|6
169627	31.372549019607842	5122	13:00:00
130254	31.372549019607842	5122	13:04:00
141393	31.372549019607842	5122	13:04:00
469645	31.372549019607842	5122	14:08:00
84209	31.372549019607842	5122	15:39:00
280641	31.372549019607842	5122	15:46:00
38|6
504528	31.372549019607842	5397	07:55:00
517718	31.372549019607842	5397	07:55:00
532569	31.372549019607842	5397	07:55:00
614243	31.372549019607842	5397	07:55:00
614925	31.372549019607842	5397	07:55:00
622325	31.372549019607842	5397	07:55:00
39|6
614925	31.372549019607842	4316	22:00:00
34525	31.372549019607842	4316	22:31:00
540166	31.372549019607842	4316	22:31:00
327744	31.372549019607842	4316	22:34:00
9986	31.372549019607842	4316	22:38:00
536930	31.372549019607842	4316	22:38:00
40|6
328269	31.372549019607842	4596	07:29:00
195544	31.372549019607842	4596	07:32:00
186013	31.372549019607842	4596	07:35:00
213529	31.372549019607842	4596	07:35:00
257054	31.372549019607842	4596	07:35:00
509660	31.372549019607842	4596	07:40:00
41|6
498148	31.372549019607842	3878	14:36:00
113311	31.372549019607842	3883	01:17:00
571579	31.372549019607842	3972	15:05:00
199025	31.372549019607842	4303	21:08:00
375693	31.372549019607842	4303	21:08:00
591163	31.372549019607842	4303	21:08:00
42|6
134908	31.372549019607842	4596	13:45:00
303711	31.372549019607842	4597	08:56:00
3669	31.372549019607842	4597	09:58:00
458099	31.372549019607842	4598	08:21:00
82555	31.372549019607842	4598	10:13:00
248920	31.372549019607842	4598	10:13:00
43|6
309068	31.372549019607842	4635	00:15:00
328957	31.372549019607842	4635	00:15:00
376863	31.372549019607842	4635	00:15:00
60117	31.372549019607842	4635	00:20:00
409361	31.372549019607842	4635	00:20:00
581975	31.372549019607842	4641	08:55:00
