0|6
550452	34.509803921568626	5229	18:10:00
323933	34.509803921568626	5802	11:05:00
159248	34.509803921568626	5802	11:27:00
554099	34.509803921568626	5815	16:02:00
70896	34.509803921568626	5815	16:26:00
518385	34.509803921568626	5815	16:38:00
1|6
614243	34.509803921568626	5424	15:27:00
616649	34.509803921568626	5424	15:27:00
617646	34.509803921568626	5424	15:27:00
620594	34.509803921568626	5424	15:27:00
622325	34.509803921568626	5424	15:27:00
623778	34.509803921568626	5424	15:27:00
2|6
521716	34.509803921568626	4220	10:26:00
531386	34.509803921568626	4220	10:26:00
534002	34.509803921568626	4220	10:26:00
602548	34.509803921568626	4220	10:26:00
297989	34.509803921568626	5332	13:11:00
532569	34.509803921568626	5332	13:13:00
3|6
266898	34.509803921568626	3811	14:01:00
577089	34.509803921568626	3811	14:07:00
418340	34.509803921568626	3811	14:50:00
489371	34.509803921568626	4387	18:43:00
541471	34.509803921568626	4387	19:16:00
230010	34.509803921568626	4458	14:32:00
4|6
160409	34.509803921568626	4859	11:24:00
309265	34.509803921568626	4866	13:54:00
566574	34.509803921568626	4866	13:54:00
94767	34.509803921568626	4885	13:18:00
617491	34.509803921568626	4893	13:40:00
561044	34.509803921568626	4894	13:41:00
5|6
55372	34.509803921568626	5226	13:41:00
568050	34.509803921568626	5226	13:41:00
614805	34.509803921568626	5226	13:41:00
374622	34.509803921568626	5226	13:42:00
390355	34.509803921568626	5226	13:42:00
600781	34.509803921568626	5226	13:42:00
6|6
34428	34.509803921568626	5092	15:36:00
370386	34.509803921568626	5092	15:36:00
614925	34.509803921568626	5092	15:37:00
248723	34.509803921568626	5092	15:40:00
252962	34.509803921568626	5092	15:40:00
504528	34.509803921568626	5092	15:40:00
7|6
591369	34.509803921568626	6033	19:54:00
28621	34.509803921568626	6033	19:55:00
40189	34.509803921568626	6033	19:55:00
434891	34.509803921568626	6033	19:55:00
80657	34.509803921568626	6033	19:57:00
532790	34.509803921568626	6033	20:00:00
8|6
532569	34.509803921568626	4998	14:28:00
558154	34.509803921568626	4998	14:28:00
569179	34.509803921568626	4998	14:28:00
574204	34.509803921568626	4998	14:28:00
622325	34.509803921568626	4998	14:28:00
213829	34.509803921568626	4998	14:50:00
9|6
531386	34.509803921568626	4607	22:13:00
532569	34.509803921568626	4607	22:13:00
592747	34.509803921568626	4607	22:13:00
602602	34.509803921568626	4607	22:13:00
614925	34.509803921568626	4607	22:13:00
622325	34.509803921568626	4607	22:13:00
10|6
453396	34.509803921568626	3546	10:12:00
587636	34.509803921568626	3546	10:12:00
591461	34.509803921568626	3546	10:12:00
596241	34.509803921568626	3546	10:12:00
612520	34.509803921568626	3546	10:12:00
616649	34.509803921568626	3546	10:12:00
11|6
533053	34.509803921568626	4665	22:26:00
2273	34.509803921568626	4670	19:46:00
117627	34.509803921568626	4670	19:47:00
436796	34.509803921568626	4670	19:48:00
613923	34.509803921568626	4670	19:52:00
359283	34.509803921568626	4670	19:56:00
12|6
275010	34.509803921568626	5070	00:06:00
46030	34.509803921568626	5070	00:17:00
29235	34.509803921568626	5070	00:19:00
498179	34.509803921568626	5070	00:19:00
556541	34.509803921568626	5070	00:19:00
558814	34.509803921568626	5172	14:59:00
13|6
546992	34.509803921568626	4980	00:39:00
567726	34.509803921568626	4980	00:39:00
583090	34.509803921568626	4980	00:39:00
587636	34.509803921568626	4980	00:39:00
616649	34.509803921568626	4980	00:39:00
617646	34.509803921568626	4980	00:39:00
14|6
543905	34.509803921568626	5387	10:21:00
572538	34.509803921568626	5387	10:21:00
28590	34.509803921568626	5391	05:24:00
268594	34.509803921568626	5392	14:37:00
308881	34.509803921568626	5392	14:37:00
334831	34.509803921568626	5392	14:37:00
15|6
281112	34.509803921568626	5712	16:08:00
309256	34.509803921568626	5721	07:15:00
496762	34.509803921568626	5731	09:54:00
614925	34.509803921568626	5735	06:47:00
165824	34.509803921568626	5743	07:40:00
367313	34.509803921568626	5771	08:08:00
16|6
550452	34.509803921568626	5135	20:54:00
56437	34.509803921568626	5137	21:16:00
13379	34.509803921568626	5141	20:35:00
39046	34.509803921568626	5141	20:53:00
405897	34.509803921568626	5156	16:44:00
267723	34.509803921568626	5189	10:04:00
17|6
25205	34.509803921568626	4934	13:12:00
103410	34.509803921568626	4935	22:39:00
624550	34.509803921568626	4935	22:44:00
338242	34.509803921568626	4935	22:48:00
25311	34.509803921568626	4935	22:57:00
47310	34.509803921568626	4935	22:58:00
18|6
359811	34.509803921568626	5886	09:59:00
576535	34.509803921568626	5886	09:59:00
260310	34.509803921568626	5950	23:02:00
49509	34.509803921568626	6161	18:54:00
206975	34.509803921568626	6161	18:54:00
252459	34.509803921568626	6161	19:52:00
19|6
539904	34.509803921568626	4896	12:27:00
548098	34.509803921568626	4896	12:27:00
592747	34.509803921568626	4896	12:27:00
600770	34.509803921568626	4896	12:27:00
608376	34.509803921568626	4896	12:27:00
622325	34.509803921568626	4896	12:27:00
20|6
489371	34.509803921568626	4025	13:01:00
517526	34.509803921568626	4025	13:01:00
538823	34.509803921568626	4025	13:01:00
540934	34.509803921568626	4025	13:01:00
600770	34.509803921568626	4025	13:01:00
607946	34.509803921568626	4025	13:01:00
21|6
116469	34.509803921568626	4477	20:08:00
33730	34.509803921568626	4477	20:11:00
100025	34.509803921568626	4477	20:11:00
95970	34.509803921568626	4477	20:15:00
267723	34.509803921568626	4477	20:15:00
449769	34.509803921568626	4477	20:15:00
22|6
559390	34.509803921568626	4394	19:58:00
152442	34.509803921568626	4394	20:53:00
182003	34.509803921568626	4394	20:53:00
225679	34.509803921568626	4394	20:53:00
41414	34.509803921568626	4394	21:00:00
106447	34.509803921568626	4423	15:53:00
23|6
540166	34.509803921568626	4736	06:24:00
389637	34.509803921568626	4739	03:02:00
44531	34.509803921568626	4797	05:16:00
130559	34.509803921568626	4800	03:17:00
173049	34.509803921568626	4801	01:57:00
48550	34.509803921568626	4892	02:30:00
24|6
459622	34.509803921568626	5029	13:41:00
112126	34.509803921568626	5038	14:19:00
614925	34.509803921568626	5074	10:24:00
489371	34.509803921568626	5092	13:59:00
85222	34.509803921568626	5121	08:19:00
181089	34.509803921568626	5121	09:07:00
25|6
563692	34.509803921568626	3652	23:16:00
582591	34.509803921568626	3652	23:16:00
600770	34.509803921568626	3652	23:16:00
607946	34.509803921568626	3652	23:16:00
274703	34.509803921568626	3652	23:17:00
362307	34.509803921568626	3652	23:19:00
26|6
614243	34.509803921568626	4315	19:25:00
617646	34.509803921568626	4315	19:25:00
622325	34.509803921568626	4315	19:25:00
55629	34.509803921568626	4315	19:32:00
363904	34.509803921568626	4315	19:32:00
373402	34.509803921568626	4315	19:32:00
27|6
169081	34.509803921568626	4637	07:48:00
386683	34.509803921568626	4637	07:48:00
224051	34.509803921568626	4703	06:34:00
436056	34.509803921568626	4800	15:25:00
473055	34.509803921568626	4902	17:21:00
26226	34.509803921568626	4902	17:29:00
28|6
75707	34.509803921568626	6028	02:29:00
397543	34.509803921568626	6028	02:29:00
298685	34.509803921568626	6028	02:32:00
75410	34.509803921568626	6028	02:34:00
567631	34.509803921568626	6028	02:34:00
578903	34.509803921568626	6028	02:39:00
29|6
184754	34.509803921568626	5518	03:54:00
556366	34.509803921568626	5518	03:54:00
238646	34.509803921568626	5518	03:56:00
7876	34.509803921568626	5518	03:57:00
302000	34.509803921568626	5518	03:57:00
569396	34.509803921568626	5619	19:41:00
30|6
267846	34.509803921568626	3630	21:31:00
467178	34.509803921568626	3630	21:31:00
444949	34.509803921568626	4709	13:03:00
489457	34.509803921568626	4709	13:14:00
529957	34.509803921568626	4709	13:16:00
552786	34.509803921568626	4709	13:24:00
31|6
123929	34.509803921568626	5344	20:38:00
98718	34.509803921568626	5352	09:05:00
195434	34.509803921568626	5353	23:27:00
588686	34.509803921568626	5353	23:35:00
604347	34.509803921568626	5370	16:36:00
17497	34.509803921568626	5414	18:31:00
32|6
358441	34.509803921568626	4308	18:24:00
440694	34.509803921568626	4308	18:24:00
577474	34.509803921568626	4308	18:24:00
266281	34.509803921568626	4308	18:25:00
371598	34.509803921568626	4308	18:25:00
564115	34.509803921568626	4308	18:25:00
33|6
75943	34.509803921568626	4063	08:45:00
355155	34.509803921568626	4063	08:53:00
564115	34.509803921568626	4063	08:54:00
364683	34.509803921568626	4063	09:01:00
437608	34.509803921568626	4063	09:01:00
603145	34.509803921568626	4063	09:01:00
34|6
1188	34.509803921568626	4384	15:40:00
4132	34.509803921568626	4384	15:40:00
30125	34.509803921568626	4384	15:40:00
36422	34.509803921568626	4384	15:40:00
421158	34.509803921568626	4384	15:40:00
482854	34.509803921568626	4384	15:40:00
35|6
529098	34.509803921568626	5494	14:35:00
559371	34.509803921568626	5494	15:48:00
237542	34.509803921568626	5494	15:50:00
549463	34.509803921568626	5494	15:50:00
381626	34.509803921568626	5494	16:17:00
407756	34.509803921568626	5494	16:17:00
36|6
571905	34.509803921568626	4001	20:14:00
198370	34.509803921568626	4002	16:25:00
347177	34.509803921568626	4002	16:37:00
27598	34.509803921568626	4002	16:55:00
551806	34.509803921568626	4002	16:56:00
193586	34.509803921568626	4002	17:29:00
37|6
169627	34.509803921568626	5122	13:00:00
130254	34.509803921568626	5122	13:04:00
141393	34.509803921568626	5122	13:04:00
469645	34.509803921568626	5122	14:08:00
84209	34.509803921568626	5122	15:39:00
280641	34.509803921568626	5122	15:46:00
38|6
504528	34.509803921568626	5397	07:55:00
517718	34.509803921568626	5397	07:55:00
532569	34.509803921568626	5397	07:55:00
614243	34.509803921568626	5397	07:55:00
614925	34.509803921568626	5397	07:55:00
622325	34.509803921568626	5397	07:55:00
39|6
614925	34.509803921568626	4316	22:00:00
34525	34.509803921568626	4316	22:31:00
540166	34.509803921568626	4316	22:31:00
327744	34.509803921568626	4316	22:34:00
9986	34.509803921568626	4316	22:38:00
536930	34.509803921568626	4316	22:38:00
40|6
328269	34.509803921568626	4596	07:29:00
195544	34.509803921568626	4596	07:32:00
186013	34.509803921568626	4596	07:35:00
213529	34.509803921568626	4596	07:35:00
257054	34.509803921568626	4596	07:35:00
509660	34.509803921568626	4596	07:40:00
41|6
498148	34.509803921568626	3878	14:36:00
113311	34.509803921568626	3883	01:17:00
571579	34.509803921568626	3972	15:05:00
199025	34.509803921568626	4303	21:08:00
375693	34.509803921568626	4303	21:08:00
591163	34.509803921568626	4303	21:08:00
42|6
134908	34.509803921568626	4596	13:45:00
303711	34.509803921568626	4597	08:56:00
3669	34.509803921568626	4597	09:58:00
458099	34.509803921568626	4598	08:21:00
82555	34.509803921568626	4598	10:13:00
248920	34.509803921568626	4598	10:13:00
43|6
309068	34.509803921568626	4635	00:15:00
328957	34.509803921568626	4635	00:15:00
376863	34.509803921568626	4635	00:15:00
60117	34.509803921568626	4635	00:20:00
409361	34.509803921568626	4635	00:20:00
581975	34.509803921568626	4641	08:55:00
