0|6
550452	36.470588235294116	5229	18:10:00
323933	36.470588235294116	5802	11:05:00
159248	36.470588235294116	5802	11:27:00
554099	36.470588235294116	5815	16:02:00
70896	36.470588235294116	5815	16:26:00
518385	36.470588235294116	5815	16:38:00
1|6
614243	36.470588235294116	5424	15:27:00
616649	36.470588235294116	5424	15:27:00
617646	36.470588235294116	5424	15:27:00
620594	36.470588235294116	5424	15:27:00
622325	36.470588235294116	5424	15:27:00
623778	36.470588235294116	5424	15:27:00
2|6
521716	36.470588235294116	4220	10:26:00
531386	36.470588235294116	4220	10:26:00
534002	36.470588235294116	4220	10:26:00
602548	36.470588235294116	4220	10:26:00
297989	36.470588235294116	5332	13:11:00
532569	36.470588235294116	5332	13:13:00
3|6
266898	36.470588235294116	3811	14:01:00
577089	36.470588235294116	3811	14:07:00
418340	36.470588235294116	3811	14:50:00
489371	36.470588235294116	4387	18:43:00
541471	36.470588235294116	4387	19:16:00
230010	36.470588235294116	4458	14:32:00
4|6
160409	36.470588235294116	4859	11:24:00
309265	36.470588235294116	4866	13:54:00
566574	36.470588235294116	4866	13:54:00
94767	36.470588235294116	4885	13:18:00
617491	36.470588235294116	4893	13:40:00
561044	36.470588235294116	4894	13:41:00
5|6
55372	36.470588235294116	5226	13:41:00
568050	36.470588235294116	5226	13:41:00
614805	36.470588235294116	5226	13:41:00
374622	36.470588235294116	5226	13:42:00
390355	36.470588235294116	5226	13:42:00
600781	36.470588235294116	5226	13:42:00
6|6
34428	36.470588235294116	5092	15:36:00
370386	36.470588235294116	5092	15:36:00
614925	36.470588235294116	5092	15:37:00
248723	36.470588235294116	5092	15:40:00
252962	36.470588235294116	5092	15:40:00
504528	36.470588235294116	5092	15:40:00
7|6
591369	36.470588235294116	6033	19:54:00
28621	36.470588235294116	6033	19:55:00
40189	36.470588235294116	6033	19:55:00
434891	36.470588235294116	6033	19:55:00
80657	36.470588235294116	6033	19:57:00
532790	36.470588235294116	6033	20:00:00
8|6
532569	36.470588235294116	4998	14:28:00
558154	36.470588235294116	4998	14:28:00
569179	36.470588235294116	4998	14:28:00
574204	36.470588235294116	4998	14:28:00
622325	36.470588235294116	4998	14:28:00
213829	36.470588235294116	4998	14:50:00
9|6
531386	36.470588235294116	4607	22:13:00
532569	36.470588235294116	4607	22:13:00
592747	36.470588235294116	4607	22:13:00
602602	36.470588235294116	4607	22:13:00
614925	36.470588235294116	4607	22:13:00
622325	36.470588235294116	4607	22:13:00
10|6
453396	36.470588235294116	3546	10:12:00
587636	36.470588235294116	3546	10:12:00
591461	36.470588235294116	3546	10:12:00
596241	36.470588235294116	3546	10:12:00
612520	36.470588235294116	3546	10:12:00
616649	36.470588235294116	3546	10:12:00
11|6
533053	36.470588235294116	4665	22:26:00
2273	36.470588235294116	4670	19:46:00
117627	36.470588235294116	4670	19:47:00
436796	36.470588235294116	4670	19:48:00
613923	36.470588235294116	4670	19:52:00
359283	36.470588235294116	4670	19:56:00
12|6
275010	36.470588235294116	5070	00:06:00
46030	36.470588235294116	5070	00:17:00
29235	36.470588235294116	5070	00:19:00
498179	36.470588235294116	5070	00:19:00
556541	36.470588235294116	5070	00:19:00
558814	36.470588235294116	5172	14:59:00
13|6
546992	36.470588235294116	4980	00:39:00
567726	36.470588235294116	4980	00:39:00
583090	36.470588235294116	4980	00:39:00
587636	36.470588235294116	4980	00:39:00
616649	36.470588235294116	4980	00:39:00
617646	36.470588235294116	4980	00:39:00
14|6
543905	36.470588235294116	5387	10:21:00
572538	36.470588235294116	5387	10:21:00
28590	36.470588235294116	5391	05:24:00
268594	36.470588235294116	5392	14:37:00
308881	36.470588235294116	5392	14:37:00
334831	36.470588235294116	5392	14:37:00
15|6
281112	36.470588235294116	5712	16:08:00
309256	36.470588235294116	5721	07:15:00
496762	36.470588235294116	5731	09:54:00
614925	36.470588235294116	5735	06:47:00
165824	36.470588235294116	5743	07:40:00
367313	36.470588235294116	5771	08:08:00
16|6
550452	36.470588235294116	5135	20:54:00
56437	36.470588235294116	5137	21:16:00
13379	36.470588235294116	5141	20:35:00
39046	36.470588235294116	5141	20:53:00
405897	36.470588235294116	5156	16:44:00
267723	36.470588235294116	5189	10:04:00
17|6
25205	36.470588235294116	4934	13:12:00
103410	36.470588235294116	4935	22:39:00
624550	36.470588235294116	4935	22:44:00
338242	36.470588235294116	4935	22:48:00
25311	36.470588235294116	4935	22:57:00
47310	36.470588235294116	4935	22:58:00
18|6
359811	36.470588235294116	5886	09:59:00
576535	36.470588235294116	5886	09:59:00
260310	36.470588235294116	5950	23:02:00
49509	36.470588235294116	6161	18:54:00
206975	36.470588235294116	6161	18:54:00
252459	36.470588235294116	6161	19:52:00
19|6
539904	36.470588235294116	4896	12:27:00
548098	36.470588235294116	4896	12:27:00
592747	36.470588235294116	4896	12:27:00
600770	36.470588235294116	4896	12:27:00
608376	36.470588235294116	4896	12:27:00
622325	36.470588235294116	4896	12:27:00
20|6
489371	36.470588235294116	4025	13:01:00
517526	36.470588235294116	4025	13:01:00
538823	36.470588235294116	4025	13:01:00
540934	36.470588235294116	4025	13:01:00
600770	36.470588235294116	4025	13:01:00
607946	36.470588235294116	4025	13:01:00
21|6
116469	36.470588235294116	4477	20:08:00
33730	36.470588235294116	4477	20:11:00
100025	36.470588235294116	4477	20:11:00
95970	36.470588235294116	4477	20:15:00
267723	36.470588235294116	4477	20:15:00
449769	36.470588235294116	4477	20:15:00
22|6
559390	36.470588235294116	4394	19:58:00
152442	36.470588235294116	4394	20:53:00
182003	36.470588235294116	4394	20:53:00
225679	36.470588235294116	4394	20:53:00
41414	36.470588235294116	4394	21:00:00
106447	36.470588235294116	4423	15:53:00
23|6
540166	36.470588235294116	4736	06:24:00
389637	36.470588235294116	4739	03:02:00
44531	36.470588235294116	4797	05:16:00
130559	36.470588235294116	4800	03:17:00
173049	36.470588235294116	4801	01:57:00
48550	36.470588235294116	4892	02:30:00
24|6
459622	36.470588235294116	5029	13:41:00
112126	36.470588235294116	5038	14:19:00
614925	36.470588235294116	5074	10:24:00
489371	36.470588235294116	5092	13:59:00
85222	36.470588235294116	5121	08:19:00
181089	36.470588235294116	5121	09:07:00
25|6
563692	36.470588235294116	3652	23:16:00
582591	36.470588235294116	3652	23:16:00
600770	36.470588235294116	3652	23:16:00
607946	36.470588235294116	3652	23:16:00
274703	36.470588235294116	3652	23:17:00
362307	36.470588235294116	3652	23:19:00
26|6
614243	36.470588235294116	4315	19:25:00
617646	36.470588235294116	4315	19:25:00
622325	36.470588235294116	4315	19:25:00
55629	36.470588235294116	4315	19:32:00
363904	36.470588235294116	4315	19:32:00
373402	36.470588235294116	4315	19:32:00
27|6
169081	36.470588235294116	4637	07:48:00
386683	36.470588235294116	4637	07:48:00
224051	36.470588235294116	4703	06:34:00
436056	36.470588235294116	4800	15:25:00
473055	36.470588235294116	4902	17:21:00
26226	36.470588235294116	4902	17:29:00
28|6
75707	36.470588235294116	6028	02:29:00
397543	36.470588235294116	6028	02:29:00
298685	36.470588235294116	6028	02:32:00
75410	36.470588235294116	6028	02:34:00
567631	36.470588235294116	6028	02:34:00
578903	36.470588235294116	6028	02:39:00
29|6
184754	36.470588235294116	5518	03:54:00
556366	36.470588235294116	5518	03:54:00
238646	36.470588235294116	5518	03:56:00
7876	36.470588235294116	5518	03:57:00
302000	36.470588235294116	5518	03:57:00
569396	36.470588235294116	5619	19:41:00
30|6
267846	36.470588235294116	3630	21:31:00
467178	36.470588235294116	3630	21:31:00
444949	36.470588235294116	4709	13:03:00
489457	36.470588235294116	4709	13:14:00
529957	36.470588235294116	4709	13:16:00
552786	36.470588235294116	4709	13:24:00
31|6
123929	36.470588235294116	5344	20:38:00
98718	36.470588235294116	5352	09:05:00
195434	36.470588235294116	5353	23:27:00
588686	36.470588235294116	5353	23:35:00
604347	36.470588235294116	5370	16:36:00
17497	36.470588235294116	5414	18:31:00
32|6
358441	36.470588235294116	4308	18:24:00
440694	36.470588235294116	4308	18:24:00
577474	36.470588235294116	4308	18:24:00
266281	36.470588235294116	4308	18:25:00
371598	36.470588235294116	4308	18:25:00
564115	36.470588235294116	4308	18:25:00
33|6
75943	36.470588235294116	4063	08:45:00
355155	36.470588235294116	4063	08:53:00
564115	36.470588235294116	4063	08:54:00
364683	36.470588235294116	4063	09:01:00
437608	36.470588235294116	4063	09:01:00
603145	36.470588235294116	4063	09:01:00
34|6
1188	36.470588235294116	4384	15:40:00
4132	36.470588235294116	4384	15:40:00
30125	36.470588235294116	4384	15:40:00
36422	36.470588235294116	4384	15:40:00
421158	36.470588235294116	4384	15:40:00
482854	36.470588235294116	4384	15:40:00
35|6
529098	36.470588235294116	5494	14:35:00
559371	36.470588235294116	5494	15:48:00
237542	36.470588235294116	5494	15:50:00
549463	36.470588235294116	5494	15:50:00
381626	36.470588235294116	5494	16:17:00
407756	36.470588235294116	5494	16:17:00
36|6
571905	36.470588235294116	4001	20:14:00
198370	36.470588235294116	4002	16:25:00
347177	36.470588235294116	4002	16:37:00
27598	36.470588235294116	4002	16:55:00
551806	36.470588235294116	4002	16:56:00
193586	36.470588235294116	4002	17:29:00
37|6
169627	36.470588235294116	5122	13:00:00
130254	36.470588235294116	5122	13:04:00
141393	36.470588235294116	5122	13:04:00
469645	36.470588235294116	5122	14:08:00
84209	36.470588235294116	5122	15:39:00
280641	36.470588235294116	5122	15:46:00
38|6
504528	36.470588235294116	5397	07:55:00
517718	36.470588235294116	5397	07:55:00
532569	36.470588235294116	5397	07:55:00
614243	36.470588235294116	5397	07:55:00
614925	36.470588235294116	5397	07:55:00
622325	36.470588235294116	5397	07:55:00
39|6
614925	36.470588235294116	4316	22:00:00
34525	36.470588235294116	4316	22:31:00
540166	36.470588235294116	4316	22:31:00
327744	36.470588235294116	4316	22:34:00
9986	36.470588235294116	4316	22:38:00
536930	36.470588235294116	4316	22:38:00
40|6
328269	36.470588235294116	4596	07:29:00
195544	36.470588235294116	4596	07:32:00
186013	36.470588235294116	4596	07:35:00
213529	36.470588235294116	4596	07:35:00
257054	36.470588235294116	4596	07:35:00
509660	36.470588235294116	4596	07:40:00
41|6
498148	36.470588235294116	3878	14:36:00
113311	36.470588235294116	3883	01:17:00
571579	36.470588235294116	3972	15:05:00
199025	36.470588235294116	4303	21:08:00
375693	36.470588235294116	4303	21:08:00
591163	36.470588235294116	4303	21:08:00
42|6
134908	36.470588235294116	4596	13:45:00
303711	36.470588235294116	4597	08:56:00
3669	36.470588235294116	4597	09:58:00
458099	36.470588235294116	4598	08:21:00
82555	36.470588235294116	4598	10:13:00
248920	36.470588235294116	4598	10:13:00
43|6
309068	36.470588235294116	4635	00:15:00
328957	36.470588235294116	4635	00:15:00
376863	36.470588235294116	4635	00:15:00
60117	36.470588235294116	4635	00:20:00
409361	36.470588235294116	4635	00:20:00
581975	36.470588235294116	4641	08:55:00
