0|6
550452	37.64705882352941	5229	18:10:00
323933	37.64705882352941	5802	11:05:00
159248	37.64705882352941	5802	11:27:00
554099	37.64705882352941	5815	16:02:00
70896	37.64705882352941	5815	16:26:00
518385	37.64705882352941	5815	16:38:00
1|6
614243	37.64705882352941	5424	15:27:00
616649	37.64705882352941	5424	15:27:00
617646	37.64705882352941	5424	15:27:00
620594	37.64705882352941	5424	15:27:00
622325	37.64705882352941	5424	15:27:00
623778	37.64705882352941	5424	15:27:00
2|6
521716	37.64705882352941	4220	10:26:00
531386	37.64705882352941	4220	10:26:00
534002	37.64705882352941	4220	10:26:00
602548	37.64705882352941	4220	10:26:00
297989	37.64705882352941	5332	13:11:00
532569	37.64705882352941	5332	13:13:00
3|6
266898	37.64705882352941	3811	14:01:00
577089	37.64705882352941	3811	14:07:00
418340	37.64705882352941	3811	14:50:00
489371	37.64705882352941	4387	18:43:00
541471	37.64705882352941	4387	19:16:00
230010	37.64705882352941	4458	14:32:00
4|6
160409	37.64705882352941	4859	11:24:00
309265	37.64705882352941	4866	13:54:00
566574	37.64705882352941	4866	13:54:00
94767	37.64705882352941	4885	13:18:00
617491	37.64705882352941	4893	13:40:00
561044	37.64705882352941	4894	13:41:00
5|6
55372	37.64705882352941	5226	13:41:00
568050	37.64705882352941	5226	13:41:00
614805	37.64705882352941	5226	13:41:00
374622	37.64705882352941	5226	13:42:00
390355	37.64705882352941	5226	13:42:00
600781	37.64705882352941	5226	13:42:00
6|6
34428	37.64705882352941	5092	15:36:00
370386	37.64705882352941	5092	15:36:00
614925	37.64705882352941	5092	15:37:00
248723	37.64705882352941	5092	15:40:00
252962	37.64705882352941	5092	15:40:00
504528	37.64705882352941	5092	15:40:00
7|6
591369	37.64705882352941	6033	19:54:00
28621	37.64705882352941	6033	19:55:00
40189	37.64705882352941	6033	19:55:00
434891	37.64705882352941	6033	19:55:00
80657	37.64705882352941	6033	19:57:00
532790	37.64705882352941	6033	20:00:00
8|6
532569	37.64705882352941	4998	14:28:00
558154	37.64705882352941	4998	14:28:00
569179	37.64705882352941	4998	14:28:00
574204	37.64705882352941	4998	14:28:00
622325	37.64705882352941	4998	14:28:00
213829	37.64705882352941	4998	14:50:00
9|6
531386	37.64705882352941	4607	22:13:00
532569	37.64705882352941	4607	22:13:00
592747	37.64705882352941	4607	22:13:00
602602	37.64705882352941	4607	22:13:00
614925	37.64705882352941	4607	22:13:00
622325	37.64705882352941	4607	22:13:00
10|6
453396	37.64705882352941	3546	10:12:00
587636	37.64705882352941	3546	10:12:00
591461	37.64705882352941	3546	10:12:00
596241	37.64705882352941	3546	10:12:00
612520	37.64705882352941	3546	10:12:00
616649	37.64705882352941	3546	10:12:00
11|6
533053	37.64705882352941	4665	22:26:00
2273	37.64705882352941	4670	19:46:00
117627	37.64705882352941	4670	19:47:00
436796	37.64705882352941	4670	19:48:00
613923	37.64705882352941	4670	19:52:00
359283	37.64705882352941	4670	19:56:00
12|6
275010	37.64705882352941	5070	00:06:00
46030	37.64705882352941	5070	00:17:00
29235	37.64705882352941	5070	00:19:00
498179	37.64705882352941	5070	00:19:00
556541	37.64705882352941	5070	00:19:00
558814	37.64705882352941	5172	14:59:00
13|6
546992	37.64705882352941	4980	00:39:00
567726	37.64705882352941	4980	00:39:00
583090	37.64705882352941	4980	00:39:00
587636	37.64705882352941	4980	00:39:00
616649	37.64705882352941	4980	00:39:00
617646	37.64705882352941	4980	00:39:00
14|6
543905	37.64705882352941	5387	10:21:00
572538	37.64705882352941	5387	10:21:00
28590	37.64705882352941	5391	05:24:00
268594	37.64705882352941	5392	14:37:00
308881	37.64705882352941	5392	14:37:00
334831	37.64705882352941	5392	14:37:00
15|6
281112	37.64705882352941	5712	16:08:00
309256	37.64705882352941	5721	07:15:00
496762	37.64705882352941	5731	09:54:00
614925	37.64705882352941	5735	06:47:00
165824	37.64705882352941	5743	07:40:00
367313	37.64705882352941	5771	08:08:00
16|6
550452	37.64705882352941	5135	20:54:00
56437	37.64705882352941	5137	21:16:00
13379	37.64705882352941	5141	20:35:00
39046	37.64705882352941	5141	20:53:00
405897	37.64705882352941	5156	16:44:00
267723	37.64705882352941	5189	10:04:00
17|6
25205	37.64705882352941	4934	13:12:00
103410	37.64705882352941	4935	22:39:00
624550	37.64705882352941	4935	22:44:00
338242	37.64705882352941	4935	22:48:00
25311	37.64705882352941	4935	22:57:00
47310	37.64705882352941	4935	22:58:00
18|6
359811	37.64705882352941	5886	09:59:00
576535	37.64705882352941	5886	09:59:00
260310	37.64705882352941	5950	23:02:00
49509	37.64705882352941	6161	18:54:00
206975	37.64705882352941	6161	18:54:00
252459	37.64705882352941	6161	19:52:00
19|6
539904	37.64705882352941	4896	12:27:00
548098	37.64705882352941	4896	12:27:00
592747	37.64705882352941	4896	12:27:00
600770	37.64705882352941	4896	12:27:00
608376	37.64705882352941	4896	12:27:00
622325	37.64705882352941	4896	12:27:00
20|6
489371	37.64705882352941	4025	13:01:00
517526	37.64705882352941	4025	13:01:00
538823	37.64705882352941	4025	13:01:00
540934	37.64705882352941	4025	13:01:00
600770	37.64705882352941	4025	13:01:00
607946	37.64705882352941	4025	13:01:00
21|6
116469	37.64705882352941	4477	20:08:00
33730	37.64705882352941	4477	20:11:00
100025	37.64705882352941	4477	20:11:00
95970	37.64705882352941	4477	20:15:00
267723	37.64705882352941	4477	20:15:00
449769	37.64705882352941	4477	20:15:00
22|6
559390	37.64705882352941	4394	19:58:00
152442	37.64705882352941	4394	20:53:00
182003	37.64705882352941	4394	20:53:00
225679	37.64705882352941	4394	20:53:00
41414	37.64705882352941	4394	21:00:00
106447	37.64705882352941	4423	15:53:00
23|6
540166	37.64705882352941	4736	06:24:00
389637	37.64705882352941	4739	03:02:00
44531	37.64705882352941	4797	05:16:00
130559	37.64705882352941	4800	03:17:00
173049	37.64705882352941	4801	01:57:00
48550	37.64705882352941	4892	02:30:00
24|6
459622	37.64705882352941	5029	13:41:00
112126	37.64705882352941	5038	14:19:00
614925	37.64705882352941	5074	10:24:00
489371	37.64705882352941	5092	13:59:00
85222	37.64705882352941	5121	08:19:00
181089	37.64705882352941	5121	09:07:00
25|6
563692	37.64705882352941	3652	23:16:00
582591	37.64705882352941	3652	23:16:00
600770	37.64705882352941	3652	23:16:00
607946	37.64705882352941	3652	23:16:00
274703	37.64705882352941	3652	23:17:00
362307	37.64705882352941	3652	23:19:00
26|6
614243	37.64705882352941	4315	19:25:00
617646	37.64705882352941	4315	19:25:00
622325	37.64705882352941	4315	19:25:00
55629	37.64705882352941	4315	19:32:00
363904	37.64705882352941	4315	19:32:00
373402	37.64705882352941	4315	19:32:00
27|6
169081	37.64705882352941	4637	07:48:00
386683	37.64705882352941	4637	07:48:00
224051	37.64705882352941	4703	06:34:00
436056	37.64705882352941	4800	15:25:00
473055	37.64705882352941	4902	17:21:00
26226	37.64705882352941	4902	17:29:00
28|6
75707	37.64705882352941	6028	02:29:00
397543	37.64705882352941	6028	02:29:00
298685	37.64705882352941	6028	02:32:00
75410	37.64705882352941	6028	02:34:00
567631	37.64705882352941	6028	02:34:00
578903	37.64705882352941	6028	02:39:00
29|6
184754	37.64705882352941	5518	03:54:00
556366	37.64705882352941	5518	03:54:00
238646	37.64705882352941	5518	03:56:00
7876	37.64705882352941	5518	03:57:00
302000	37.64705882352941	5518	03:57:00
569396	37.64705882352941	5619	19:41:00
30|6
267846	37.64705882352941	3630	21:31:00
467178	37.64705882352941	3630	21:31:00
444949	37.64705882352941	4709	13:03:00
489457	37.64705882352941	4709	13:14:00
529957	37.64705882352941	4709	13:16:00
552786	37.64705882352941	4709	13:24:00
31|6
123929	37.64705882352941	5344	20:38:00
98718	37.64705882352941	5352	09:05:00
195434	37.64705882352941	5353	23:27:00
588686	37.64705882352941	5353	23:35:00
604347	37.64705882352941	5370	16:36:00
17497	37.64705882352941	5414	18:31:00
32|6
358441	37.64705882352941	4308	18:24:00
440694	37.64705882352941	4308	18:24:00
577474	37.64705882352941	4308	18:24:00
266281	37.64705882352941	4308	18:25:00
371598	37.64705882352941	4308	18:25:00
564115	37.64705882352941	4308	18:25:00
33|6
75943	37.64705882352941	4063	08:45:00
355155	37.64705882352941	4063	08:53:00
564115	37.64705882352941	4063	08:54:00
364683	37.64705882352941	4063	09:01:00
437608	37.64705882352941	4063	09:01:00
603145	37.64705882352941	4063	09:01:00
34|6
1188	37.64705882352941	4384	15:40:00
4132	37.64705882352941	4384	15:40:00
30125	37.64705882352941	4384	15:40:00
36422	37.64705882352941	4384	15:40:00
421158	37.64705882352941	4384	15:40:00
482854	37.64705882352941	4384	15:40:00
35|6
529098	37.64705882352941	5494	14:35:00
559371	37.64705882352941	5494	15:48:00
237542	37.64705882352941	5494	15:50:00
549463	37.64705882352941	5494	15:50:00
381626	37.64705882352941	5494	16:17:00
407756	37.64705882352941	5494	16:17:00
36|6
571905	37.64705882352941	4001	20:14:00
198370	37.64705882352941	4002	16:25:00
347177	37.64705882352941	4002	16:37:00
27598	37.64705882352941	4002	16:55:00
551806	37.64705882352941	4002	16:56:00
193586	37.64705882352941	4002	17:29:00
37|6
169627	37.64705882352941	5122	13:00:00
130254	37.64705882352941	5122	13:04:00
141393	37.64705882352941	5122	13:04:00
469645	37.64705882352941	5122	14:08:00
84209	37.64705882352941	5122	15:39:00
280641	37.64705882352941	5122	15:46:00
38|6
504528	37.64705882352941	5397	07:55:00
517718	37.64705882352941	5397	07:55:00
532569	37.64705882352941	5397	07:55:00
614243	37.64705882352941	5397	07:55:00
614925	37.64705882352941	5397	07:55:00
622325	37.64705882352941	5397	07:55:00
39|6
614925	37.64705882352941	4316	22:00:00
34525	37.64705882352941	4316	22:31:00
540166	37.64705882352941	4316	22:31:00
327744	37.64705882352941	4316	22:34:00
9986	37.64705882352941	4316	22:38:00
536930	37.64705882352941	4316	22:38:00
40|6
328269	37.64705882352941	4596	07:29:00
195544	37.64705882352941	4596	07:32:00
186013	37.64705882352941	4596	07:35:00
213529	37.64705882352941	4596	07:35:00
257054	37.64705882352941	4596	07:35:00
509660	37.64705882352941	4596	07:40:00
41|6
498148	37.64705882352941	3878	14:36:00
113311	37.64705882352941	3883	01:17:00
571579	37.64705882352941	3972	15:05:00
199025	37.64705882352941	4303	21:08:00
375693	37.64705882352941	4303	21:08:00
591163	37.64705882352941	4303	21:08:00
42|6
134908	37.64705882352941	4596	13:45:00
303711	37.64705882352941	4597	08:56:00
3669	37.64705882352941	4597	09:58:00
458099	37.64705882352941	4598	08:21:00
82555	37.64705882352941	4598	10:13:00
248920	37.64705882352941	4598	10:13:00
43|6
309068	37.64705882352941	4635	00:15:00
328957	37.64705882352941	4635	00:15:00
376863	37.64705882352941	4635	00:15:00
60117	37.64705882352941	4635	00:20:00
409361	37.64705882352941	4635	00:20:00
581975	37.64705882352941	4641	08:55:00
