0|6
550452	38.43137254901961	5229	18:10:00
323933	38.43137254901961	5802	11:05:00
159248	38.43137254901961	5802	11:27:00
554099	38.43137254901961	5815	16:02:00
70896	38.43137254901961	5815	16:26:00
518385	38.43137254901961	5815	16:38:00
1|6
614243	38.43137254901961	5424	15:27:00
616649	38.43137254901961	5424	15:27:00
617646	38.43137254901961	5424	15:27:00
620594	38.43137254901961	5424	15:27:00
622325	38.43137254901961	5424	15:27:00
623778	38.43137254901961	5424	15:27:00
2|6
521716	38.43137254901961	4220	10:26:00
531386	38.43137254901961	4220	10:26:00
534002	38.43137254901961	4220	10:26:00
602548	38.43137254901961	4220	10:26:00
297989	38.43137254901961	5332	13:11:00
532569	38.43137254901961	5332	13:13:00
3|6
266898	38.43137254901961	3811	14:01:00
577089	38.43137254901961	3811	14:07:00
418340	38.43137254901961	3811	14:50:00
489371	38.43137254901961	4387	18:43:00
541471	38.43137254901961	4387	19:16:00
230010	38.43137254901961	4458	14:32:00
4|6
160409	38.43137254901961	4859	11:24:00
309265	38.43137254901961	4866	13:54:00
566574	38.43137254901961	4866	13:54:00
94767	38.43137254901961	4885	13:18:00
617491	38.43137254901961	4893	13:40:00
561044	38.43137254901961	4894	13:41:00
5|6
55372	38.43137254901961	5226	13:41:00
568050	38.43137254901961	5226	13:41:00
614805	38.43137254901961	5226	13:41:00
374622	38.43137254901961	5226	13:42:00
390355	38.43137254901961	5226	13:42:00
600781	38.43137254901961	5226	13:42:00
6|6
34428	38.43137254901961	5092	15:36:00
370386	38.43137254901961	5092	15:36:00
614925	38.43137254901961	5092	15:37:00
248723	38.43137254901961	5092	15:40:00
252962	38.43137254901961	5092	15:40:00
504528	38.43137254901961	5092	15:40:00
7|6
591369	38.43137254901961	6033	19:54:00
28621	38.43137254901961	6033	19:55:00
40189	38.43137254901961	6033	19:55:00
434891	38.43137254901961	6033	19:55:00
80657	38.43137254901961	6033	19:57:00
532790	38.43137254901961	6033	20:00:00
8|6
532569	38.43137254901961	4998	14:28:00
558154	38.43137254901961	4998	14:28:00
569179	38.43137254901961	4998	14:28:00
574204	38.43137254901961	4998	14:28:00
622325	38.43137254901961	4998	14:28:00
213829	38.43137254901961	4998	14:50:00
9|6
531386	38.43137254901961	4607	22:13:00
532569	38.43137254901961	4607	22:13:00
592747	38.43137254901961	4607	22:13:00
602602	38.43137254901961	4607	22:13:00
614925	38.43137254901961	4607	22:13:00
622325	38.43137254901961	4607	22:13:00
10|6
453396	38.43137254901961	3546	10:12:00
587636	38.43137254901961	3546	10:12:00
591461	38.43137254901961	3546	10:12:00
596241	38.43137254901961	3546	10:12:00
612520	38.43137254901961	3546	10:12:00
616649	38.43137254901961	3546	10:12:00
11|6
533053	38.43137254901961	4665	22:26:00
2273	38.43137254901961	4670	19:46:00
117627	38.43137254901961	4670	19:47:00
436796	38.43137254901961	4670	19:48:00
613923	38.43137254901961	4670	19:52:00
359283	38.43137254901961	4670	19:56:00
12|6
275010	38.43137254901961	5070	00:06:00
46030	38.43137254901961	5070	00:17:00
29235	38.43137254901961	5070	00:19:00
498179	38.43137254901961	5070	00:19:00
556541	38.43137254901961	5070	00:19:00
558814	38.43137254901961	5172	14:59:00
13|6
546992	38.43137254901961	4980	00:39:00
567726	38.43137254901961	4980	00:39:00
583090	38.43137254901961	4980	00:39:00
587636	38.43137254901961	4980	00:39:00
616649	38.43137254901961	4980	00:39:00
617646	38.43137254901961	4980	00:39:00
14|6
543905	38.43137254901961	5387	10:21:00
572538	38.43137254901961	5387	10:21:00
28590	38.43137254901961	5391	05:24:00
268594	38.43137254901961	5392	14:37:00
308881	38.43137254901961	5392	14:37:00
334831	38.43137254901961	5392	14:37:00
15|6
281112	38.43137254901961	5712	16:08:00
309256	38.43137254901961	5721	07:15:00
496762	38.43137254901961	5731	09:54:00
614925	38.43137254901961	5735	06:47:00
165824	38.43137254901961	5743	07:40:00
367313	38.43137254901961	5771	08:08:00
16|6
550452	38.43137254901961	5135	20:54:00
56437	38.43137254901961	5137	21:16:00
13379	38.43137254901961	5141	20:35:00
39046	38.43137254901961	5141	20:53:00
405897	38.43137254901961	5156	16:44:00
267723	38.43137254901961	5189	10:04:00
17|6
25205	38.43137254901961	4934	13:12:00
103410	38.43137254901961	4935	22:39:00
624550	38.43137254901961	4935	22:44:00
338242	38.43137254901961	4935	22:48:00
25311	38.43137254901961	4935	22:57:00
47310	38.43137254901961	4935	22:58:00
18|6
359811	38.43137254901961	5886	09:59:00
576535	38.43137254901961	5886	09:59:00
260310	38.43137254901961	5950	23:02:00
49509	38.43137254901961	6161	18:54:00
206975	38.43137254901961	6161	18:54:00
252459	38.43137254901961	6161	19:52:00
19|6
539904	38.43137254901961	4896	12:27:00
548098	38.43137254901961	4896	12:27:00
592747	38.43137254901961	4896	12:27:00
600770	38.43137254901961	4896	12:27:00
608376	38.43137254901961	4896	12:27:00
622325	38.43137254901961	4896	12:27:00
20|6
489371	38.43137254901961	4025	13:01:00
517526	38.43137254901961	4025	13:01:00
538823	38.43137254901961	4025	13:01:00
540934	38.43137254901961	4025	13:01:00
600770	38.43137254901961	4025	13:01:00
607946	38.43137254901961	4025	13:01:00
21|6
116469	38.43137254901961	4477	20:08:00
33730	38.43137254901961	4477	20:11:00
100025	38.43137254901961	4477	20:11:00
95970	38.43137254901961	4477	20:15:00
267723	38.43137254901961	4477	20:15:00
449769	38.43137254901961	4477	20:15:00
22|6
559390	38.43137254901961	4394	19:58:00
152442	38.43137254901961	4394	20:53:00
182003	38.43137254901961	4394	20:53:00
225679	38.43137254901961	4394	20:53:00
41414	38.43137254901961	4394	21:00:00
106447	38.43137254901961	4423	15:53:00
23|6
540166	38.43137254901961	4736	06:24:00
389637	38.43137254901961	4739	03:02:00
44531	38.43137254901961	4797	05:16:00
130559	38.43137254901961	4800	03:17:00
173049	38.43137254901961	4801	01:57:00
48550	38.43137254901961	4892	02:30:00
24|6
459622	38.43137254901961	5029	13:41:00
112126	38.43137254901961	5038	14:19:00
614925	38.43137254901961	5074	10:24:00
489371	38.43137254901961	5092	13:59:00
85222	38.43137254901961	5121	08:19:00
181089	38.43137254901961	5121	09:07:00
25|6
563692	38.43137254901961	3652	23:16:00
582591	38.43137254901961	3652	23:16:00
600770	38.43137254901961	3652	23:16:00
607946	38.43137254901961	3652	23:16:00
274703	38.43137254901961	3652	23:17:00
362307	38.43137254901961	3652	23:19:00
26|6
614243	38.43137254901961	4315	19:25:00
617646	38.43137254901961	4315	19:25:00
622325	38.43137254901961	4315	19:25:00
55629	38.43137254901961	4315	19:32:00
363904	38.43137254901961	4315	19:32:00
373402	38.43137254901961	4315	19:32:00
27|6
169081	38.43137254901961	4637	07:48:00
386683	38.43137254901961	4637	07:48:00
224051	38.43137254901961	4703	06:34:00
436056	38.43137254901961	4800	15:25:00
473055	38.43137254901961	4902	17:21:00
26226	38.43137254901961	4902	17:29:00
28|6
75707	38.43137254901961	6028	02:29:00
397543	38.43137254901961	6028	02:29:00
298685	38.43137254901961	6028	02:32:00
75410	38.43137254901961	6028	02:34:00
567631	38.43137254901961	6028	02:34:00
578903	38.43137254901961	6028	02:39:00
29|6
184754	38.43137254901961	5518	03:54:00
556366	38.43137254901961	5518	03:54:00
238646	38.43137254901961	5518	03:56:00
7876	38.43137254901961	5518	03:57:00
302000	38.43137254901961	5518	03:57:00
569396	38.43137254901961	5619	19:41:00
30|6
267846	38.43137254901961	3630	21:31:00
467178	38.43137254901961	3630	21:31:00
444949	38.43137254901961	4709	13:03:00
489457	38.43137254901961	4709	13:14:00
529957	38.43137254901961	4709	13:16:00
552786	38.43137254901961	4709	13:24:00
31|6
123929	38.43137254901961	5344	20:38:00
98718	38.43137254901961	5352	09:05:00
195434	38.43137254901961	5353	23:27:00
588686	38.43137254901961	5353	23:35:00
604347	38.43137254901961	5370	16:36:00
17497	38.43137254901961	5414	18:31:00
32|6
358441	38.43137254901961	4308	18:24:00
440694	38.43137254901961	4308	18:24:00
577474	38.43137254901961	4308	18:24:00
266281	38.43137254901961	4308	18:25:00
371598	38.43137254901961	4308	18:25:00
564115	38.43137254901961	4308	18:25:00
33|6
75943	38.43137254901961	4063	08:45:00
355155	38.43137254901961	4063	08:53:00
564115	38.43137254901961	4063	08:54:00
364683	38.43137254901961	4063	09:01:00
437608	38.43137254901961	4063	09:01:00
603145	38.43137254901961	4063	09:01:00
34|6
1188	38.43137254901961	4384	15:40:00
4132	38.43137254901961	4384	15:40:00
30125	38.43137254901961	4384	15:40:00
36422	38.43137254901961	4384	15:40:00
421158	38.43137254901961	4384	15:40:00
482854	38.43137254901961	4384	15:40:00
35|6
529098	38.43137254901961	5494	14:35:00
559371	38.43137254901961	5494	15:48:00
237542	38.43137254901961	5494	15:50:00
549463	38.43137254901961	5494	15:50:00
381626	38.43137254901961	5494	16:17:00
407756	38.43137254901961	5494	16:17:00
36|6
571905	38.43137254901961	4001	20:14:00
198370	38.43137254901961	4002	16:25:00
347177	38.43137254901961	4002	16:37:00
27598	38.43137254901961	4002	16:55:00
551806	38.43137254901961	4002	16:56:00
193586	38.43137254901961	4002	17:29:00
37|6
169627	38.43137254901961	5122	13:00:00
130254	38.43137254901961	5122	13:04:00
141393	38.43137254901961	5122	13:04:00
469645	38.43137254901961	5122	14:08:00
84209	38.43137254901961	5122	15:39:00
280641	38.43137254901961	5122	15:46:00
38|6
504528	38.43137254901961	5397	07:55:00
517718	38.43137254901961	5397	07:55:00
532569	38.43137254901961	5397	07:55:00
614243	38.43137254901961	5397	07:55:00
614925	38.43137254901961	5397	07:55:00
622325	38.43137254901961	5397	07:55:00
39|6
614925	38.43137254901961	4316	22:00:00
34525	38.43137254901961	4316	22:31:00
540166	38.43137254901961	4316	22:31:00
327744	38.43137254901961	4316	22:34:00
9986	38.43137254901961	4316	22:38:00
536930	38.43137254901961	4316	22:38:00
40|6
328269	38.43137254901961	4596	07:29:00
195544	38.43137254901961	4596	07:32:00
186013	38.43137254901961	4596	07:35:00
213529	38.43137254901961	4596	07:35:00
257054	38.43137254901961	4596	07:35:00
509660	38.43137254901961	4596	07:40:00
41|6
498148	38.43137254901961	3878	14:36:00
113311	38.43137254901961	3883	01:17:00
571579	38.43137254901961	3972	15:05:00
199025	38.43137254901961	4303	21:08:00
375693	38.43137254901961	4303	21:08:00
591163	38.43137254901961	4303	21:08:00
42|6
134908	38.43137254901961	4596	13:45:00
303711	38.43137254901961	4597	08:56:00
3669	38.43137254901961	4597	09:58:00
458099	38.43137254901961	4598	08:21:00
82555	38.43137254901961	4598	10:13:00
248920	38.43137254901961	4598	10:13:00
43|6
309068	38.43137254901961	4635	00:15:00
328957	38.43137254901961	4635	00:15:00
376863	38.43137254901961	4635	00:15:00
60117	38.43137254901961	4635	00:20:00
409361	38.43137254901961	4635	00:20:00
581975	38.43137254901961	4641	08:55:00
