0|6
550452	90	5229	18:10:00
323933	100	5802	11:05:00
159248	100	5802	11:27:00
554099	100	5815	16:02:00
70896	100	5815	16:26:00
518385	100	5815	16:38:00
1|6
614243	90	5424	15:27:00
616649	90	5424	15:27:00
617646	90	5424	15:27:00
620594	90	5424	15:27:00
622325	90	5424	15:27:00
623778	90	5424	15:27:00
2|6
521716	0	4220	10:26:00
531386	0	4220	10:26:00
534002	0	4220	10:26:00
602548	0	4220	10:26:00
297989	0	5332	13:11:00
532569	90	5332	13:13:00
3|6
266898	80	3811	14:01:00
577089	80	3811	14:07:00
418340	90	3811	14:50:00
489371	90	4387	18:43:00
541471	90	4387	19:16:00
230010	90	4458	14:32:00
4|6
160409	70	4859	11:24:00
309265	80	4866	13:54:00
566574	70	4866	13:54:00
94767	70	4885	13:18:00
617491	50	4893	13:40:00
561044	90	4894	13:41:00
5|6
55372	50	5226	13:41:00
568050	50	5226	13:41:00
614805	50	5226	13:41:00
374622	70	5226	13:42:00
390355	70	5226	13:42:00
600781	70	5226	13:42:00
6|6
34428	50	5092	15:36:00
370386	50	5092	15:36:00
614925	70	5092	15:37:00
248723	30	5092	15:40:00
252962	0	5092	15:40:00
504528	50	5092	15:40:00
7|6
591369	70	6033	19:54:00
28621	70	6033	19:55:00
40189	90	6033	19:55:00
434891	70	6033	19:55:00
80657	90	6033	19:57:00
532790	90	6033	20:00:00
8|6
532569	90	4998	14:28:00
558154	90	4998	14:28:00
569179	90	4998	14:28:00
574204	90	4998	14:28:00
622325	90	4998	14:28:00
213829	50	4998	14:50:00
9|6
531386	80	4607	22:13:00
532569	90	4607	22:13:00
592747	90	4607	22:13:00
602602	90	4607	22:13:00
614925	90	4607	22:13:00
622325	90	4607	22:13:00
10|6
453396	90	3546	10:12:00
587636	90	3546	10:12:00
591461	80	3546	10:12:00
596241	90	3546	10:12:00
612520	90	3546	10:12:00
616649	90	3546	10:12:00
11|6
533053	50	4665	22:26:00
2273	0	4670	19:46:00
117627	0	4670	19:47:00
436796	50	4670	19:48:00
613923	70	4670	19:52:00
359283	50	4670	19:56:00
12|6
275010	90	5070	00:06:00
46030	90	5070	00:17:00
29235	90	5070	00:19:00
498179	90	5070	00:19:00
556541	90	5070	00:19:00
558814	90	5172	14:59:00
13|6
546992	90	4980	00:39:00
567726	90	4980	00:39:00
583090	90	4980	00:39:00
587636	90	4980	00:39:00
616649	90	4980	00:39:00
617646	90	4980	00:39:00
14|6
543905	0	5387	10:21:00
572538	0	5387	10:21:00
28590	90	5391	05:24:00
268594	0	5392	14:37:00
308881	0	5392	14:37:00
334831	0	5392	14:37:00
15|6
281112	90	5712	16:08:00
309256	90	5721	07:15:00
496762	100	5731	09:54:00
614925	100	5735	06:47:00
165824	100	5743	07:40:00
367313	100	5771	08:08:00
16|6
550452	90	5135	20:54:00
56437	90	5137	21:16:00
13379	90	5141	20:35:00
39046	90	5141	20:53:00
405897	90	5156	16:44:00
267723	90	5189	10:04:00
17|6
25205	50	4934	13:12:00
103410	30	4935	22:39:00
624550	30	4935	22:44:00
338242	30	4935	22:48:00
25311	90	4935	22:57:00
47310	90	4935	22:58:00
18|6
359811	50	5886	09:59:00
576535	50	5886	09:59:00
260310	90	5950	23:02:00
49509	90	6161	18:54:00
206975	70	6161	18:54:00
252459	30	6161	19:52:00
19|6
539904	90	4896	12:27:00
548098	90	4896	12:27:00
592747	90	4896	12:27:00
600770	80	4896	12:27:00
608376	90	4896	12:27:00
622325	90	4896	12:27:00
20|6
489371	90	4025	13:01:00
517526	90	4025	13:01:00
538823	80	4025	13:01:00
540934	90	4025	13:01:00
600770	80	4025	13:01:00
607946	90	4025	13:01:00
21|6
116469	50	4477	20:08:00
33730	90	4477	20:11:00
100025	90	4477	20:11:00
95970	90	4477	20:15:00
267723	90	4477	20:15:00
449769	90	4477	20:15:00
22|6
559390	90	4394	19:58:00
152442	90	4394	20:53:00
182003	90	4394	20:53:00
225679	90	4394	20:53:00
41414	90	4394	21:00:00
106447	70	4423	15:53:00
23|6
540166	90	4736	06:24:00
389637	0	4739	03:02:00
44531	90	4797	05:16:00
130559	90	4800	03:17:00
173049	90	4801	01:57:00
48550	90	4892	02:30:00
24|6
459622	90	5029	13:41:00
112126	90	5038	14:19:00
614925	70	5074	10:24:00
489371	70	5092	13:59:00
85222	70	5121	08:19:00
181089	70	5121	09:07:00
25|6
563692	80	3652	23:16:00
582591	80	3652	23:16:00
600770	80	3652	23:16:00
607946	90	3652	23:16:00
274703	90	3652	23:17:00
362307	0	3652	23:19:00
26|6
614243	90	4315	19:25:00
617646	90	4315	19:25:00
622325	90	4315	19:25:00
55629	70	4315	19:32:00
363904	50	4315	19:32:00
373402	0	4315	19:32:00
27|6
169081	0	4637	07:48:00
386683	0	4637	07:48:00
224051	90	4703	06:34:00
436056	90	4800	15:25:00
473055	70	4902	17:21:00
26226	70	4902	17:29:00
28|6
75707	90	6028	02:29:00
397543	90	6028	02:29:00
298685	70	6028	02:32:00
75410	90	6028	02:34:00
567631	90	6028	02:34:00
578903	70	6028	02:39:00
29|6
184754	50	5518	03:54:00
556366	70	5518	03:54:00
238646	30	5518	03:56:00
7876	30	5518	03:57:00
302000	50	5518	03:57:00
569396	100	5619	19:41:00
30|6
267846	10	3630	21:31:00
467178	34	3630	21:31:00
444949	50	4709	13:03:00
489457	90	4709	13:14:00
529957	70	4709	13:16:00
552786	90	4709	13:24:00
31|6
123929	90	5344	20:38:00
98718	90	5352	09:05:00
195434	90	5353	23:27:00
588686	90	5353	23:35:00
604347	90	5370	16:36:00
17497	90	5414	18:31:00
32|6
358441	0	4308	18:24:00
440694	30	4308	18:24:00
577474	30	4308	18:24:00
266281	0	4308	18:25:00
371598	0	4308	18:25:00
564115	0	4308	18:25:00
33|6
75943	80	4063	08:45:00
355155	80	4063	08:53:00
564115	70	4063	08:54:00
364683	90	4063	09:01:00
437608	90	4063	09:01:00
603145	80	4063	09:01:00
34|6
1188	0	4384	15:40:00
4132	0	4384	15:40:00
30125	0	4384	15:40:00
36422	0	4384	15:40:00
421158	0	4384	15:40:00
482854	0	4384	15:40:00
35|6
529098	90	5494	14:35:00
559371	50	5494	15:48:00
237542	90	5494	15:50:00
549463	70	5494	15:50:00
381626	90	5494	16:17:00
407756	90	5494	16:17:00
36|6
571905	91	4001	20:14:00
198370	0	4002	16:25:00
347177	0	4002	16:37:00
27598	0	4002	16:55:00
551806	0	4002	16:56:00
193586	0	4002	17:29:00
37|6
169627	50	5122	13:00:00
130254	90	5122	13:04:00
141393	70	5122	13:04:00
469645	70	5122	14:08:00
84209	30	5122	15:39:00
280641	50	5122	15:46:00
38|6
504528	90	5397	07:55:00
517718	90	5397	07:55:00
532569	90	5397	07:55:00
614243	90	5397	07:55:00
614925	90	5397	07:55:00
622325	90	5397	07:55:00
39|6
614925	90	4316	22:00:00
34525	90	4316	22:31:00
540166	50	4316	22:31:00
327744	50	4316	22:34:00
9986	70	4316	22:38:00
536930	90	4316	22:38:00
40|6
328269	90	4596	07:29:00
195544	30	4596	07:32:00
186013	90	4596	07:35:00
213529	90	4596	07:35:00
257054	50	4596	07:35:00
509660	90	4596	07:40:00
41|6
498148	0	3878	14:36:00
113311	0	3883	01:17:00
571579	0	3972	15:05:00
199025	70	4303	21:08:00
375693	90	4303	21:08:00
591163	70	4303	21:08:00
42|6
134908	90	4596	13:45:00
303711	90	4597	08:56:00
3669	90	4597	09:58:00
458099	90	4598	08:21:00
82555	90	4598	10:13:00
248920	90	4598	10:13:00
43|6
309068	70	4635	00:15:00
328957	0	4635	00:15:00
376863	0	4635	00:15:00
60117	50	4635	00:20:00
409361	30	4635	00:20:00
581975	70	4641	08:55:00