File Number	All Scores Equal	RMSE
0	0.0	75.8798227767901
1	0.39215686274509803	75.52682228204516
2	0.7843137254901961	75.17420992486464
3	1.1764705882352942	74.82199118604231
4	1.5686274509803921	74.47017165732721
5	1.9607843137254901	74.11875702350629
6	2.3529411764705883	73.7677530611883
7	2.7450980392156863	73.41716567162035
8	3.1372549019607843	73.06700084996028
9	3.5294117647058822	72.71726469318209
10	3.9215686274509802	72.36796342675294
11	4.313725490196078	72.01910336541432
12	4.705882352941177	71.67069096730573
13	5.098039215686274	71.3227327800941
14	5.490196078431373	70.975235491339
15	5.88235294117647	70.6282058981292
16	6.2745098039215685	70.28165093544497
17	6.666666666666667	69.93557765067021
18	7.0588235294117645	69.58999324075634
19	7.450980392156863	69.24490501819966
20	7.8431372549019605	68.90032043876565
21	8.235294117647058	68.55624710140137
22	8.627450980392156	68.21269273429499
23	9.019607843137255	67.86966522481896
24	9.411764705882353	67.52717260335413
25	9.803921568627452	67.18522304357454
26	10.196078431372548	66.84382488328627
27	10.588235294117647	66.50298661879278
28	10.980392156862745	66.16271689252113
29	11.372549019607844	65.82302452900288
30	11.76470588235294	65.48391851781834
31	12.156862745098039	65.1454080045537
32	12.549019607843137	64.80750233000145
33	12.941176470588237	64.47021099526037
34	13.333333333333334	64.13354370320307
35	13.725490196078432	63.79751032458611
36	14.117647058823529	63.4621209349426
37	14.50980392156863	63.127385794219165
38	14.901960784313726	62.79331536903815
39	15.294117647058824	62.45992032440074
40	15.686274509803921	62.12721153521062
41	16.07843137254902	61.79520007850114
42	16.470588235294116	61.46389726274699
43	16.862745098039216	61.13331460712055
44	17.254901960784313	60.803463854723404
45	17.647058823529413	60.47435698513705
46	18.03921568627451	60.14600620777802
47	18.43137254901961	59.8184239739435
48	18.823529411764707	59.49162297963965
49	19.215686274509807	59.16561616855855
50	19.607843137254903	58.840416743749145
51	20.0	58.516038165144785
52	20.392156862745097	58.19249415831207
53	20.784313725490197	57.869798725441946
54	21.176470588235293	57.54796613576366
55	21.568627450980394	57.227010953653526
56	21.96078431372549	56.90694801688285
57	22.35294117647059	56.587792470869665
58	22.745098039215687	56.26955975436136
59	23.137254901960784	55.952265613292354
60	23.52941176470588	55.63592609997301
61	23.92156862745098	55.320557601103395
62	24.313725490196077	55.00617681071773
63	24.705882352941178	54.69280076629574
64	25.098039215686274	54.38044683147029
65	25.49019607843137	54.069132727222815
66	25.882352941176475	53.75887651287888
67	26.27450980392157	53.44969661409929
68	26.666666666666668	53.14161181381577
69	27.058823529411764	52.83464127419951
70	27.450980392156865	52.52880452421151
71	27.84313725490196	52.22412148384241
72	28.235294117647058	51.92061246982797
73	28.627450980392155	51.61829818449441
74	29.01960784313726	51.31719974326513
75	29.411764705882355	51.01733867688986
76	29.80392156862745	50.71873693222642
77	30.19607843137255	50.42141688217134
78	30.58823529411765	50.12540133316204
79	30.980392156862745	49.83071353052878
80	31.372549019607842	49.5373771740329
81	31.76470588235294	49.24541641259562
82	32.15686274509804	48.95485585582436
83	32.549019607843135	48.66572058709555
84	32.94117647058823	48.3780361593958
85	33.33333333333333	48.091828607409674
86	33.72549019607843	47.807124461093885
87	34.11764705882353	47.52395073623435
88	34.509803921568626	47.24233495643018
89	34.90196078431372	46.96230514492002
90	35.294117647058826	46.683889843788315
91	35.68627450980392	46.40711810889421
92	36.07843137254902	46.13201952667018
93	36.470588235294116	45.85862420629135
94	36.86274509803922	45.58696279083996
95	37.254901960784316	45.317066464157776
96	37.64705882352941	45.04896695338302
97	38.03921568627451	44.78269652411092
98	38.43137254901961	44.518288001623816
99	38.82352941176471	44.25577475174025
100	39.21568627450981	43.9951907066863
101	39.6078431372549	43.73657034890915
102	40.0	43.47994871722235
103	40.3921568627451	43.2253614097766
104	40.78431372549019	42.97284458295478
105	41.17647058823529	42.72243495035447
106	41.568627450980394	42.4741697823011
107	41.96078431372549	42.22808689985313
108	42.35294117647059	41.984224676501626
109	42.745098039215684	41.74262203482472
110	43.13725490196079	41.503318434860546
111	43.529411764705884	41.266353868536136
112	43.92156862745098	41.03176886638931
113	44.31372549019608	40.79960446872077
114	44.70588235294118	40.56990223698725
115	45.09803921568628	40.34270422443211
116	45.490196078431374	40.118052978859694
117	45.88235294117647	39.89599152177059
118	46.27450980392157	39.67656333707431
119	46.666666666666664	39.45981235194741
120	47.05882352941176	39.24578292684072
121	47.45098039215686	39.03451982841571
122	47.84313725490196	38.82606821439051
123	48.23529411764706	38.620473607329984
124	48.627450980392155	38.41778188012198
125	49.01960784313725	38.21803921172189
126	49.411764705882355	38.02129208780752
127	49.80392156862745	37.82758724452045
128	50.19607843137255	37.63697165654739
129	50.588235294117645	37.449492496998324
130	50.98039215686274	37.265197104109006
131	51.37254901960784	37.08413294169695
132	51.76470588235295	36.90634756821414
133	52.156862745098046	36.73188859171758
134	52.54901960784314	36.56080363617399
135	52.94117647058824	36.39314027900128
136	53.333333333333336	36.228946027044174
137	53.72549019607843	36.06826825623885
138	54.11764705882353	35.911154171992045
139	54.509803921568626	35.7576507463059
140	54.90196078431373	35.607804673659345
141	55.294117647058826	35.46166232257133
142	55.68627450980392	35.31926966323139
143	56.07843137254902	35.18067222931797
144	56.470588235294116	35.04591504728099
145	56.86274509803921	34.915042580370155
146	57.25490196078431	34.78809867285908
147	57.647058823529406	34.665126486763796
148	58.03921568627452	34.54616843086663
149	58.43137254901961	34.43126611607957
150	58.82352941176471	34.32046027250401
151	59.21568627450981	34.213790702661605
152	59.6078431372549	34.11129621350499
153	60.0	34.01301454384616
154	60.3921568627451	33.918982317290066
155	60.78431372549019	33.829234967631365
156	61.1764705882353	33.74380668444662
157	61.568627450980394	33.662730350810186
158	61.96078431372549	33.5860374817058
159	62.35294117647059	33.51375817021694
160	62.745098039215684	33.445921033329135
161	63.13725490196078	33.38255315160702
162	63.52941176470588	33.32368002050583
163	63.921568627450974	33.26932550096897
164	64.31372549019608	33.21951177185723
165	64.70588235294117	33.17425929234767
166	65.09803921568627	33.133586746655055
167	65.49019607843137	33.097511020800724
168	65.88235294117646	33.06604716504901
169	66.27450980392156	33.03920834743887
170	66.66666666666666	33.017005853064
171	67.05882352941175	32.99944903553228
172	67.45098039215686	32.98654531673825
173	67.84313725490196	32.97830015553143
174	68.23529411764706	32.974717047544225
175	68.62745098039215	32.9757975119196
176	69.01960784313725	32.981541092998825
177	69.41176470588235	32.99194535321716
178	69.80392156862744	33.007005884384526
179	70.19607843137254	33.02671631826376
180	70.58823529411765	33.051068334762384
181	70.98039215686275	33.08005168271543
182	71.37254901960785	33.11365420210086
183	71.76470588235294	33.15186184738641
184	72.15686274509804	33.19465871770741
185	72.54901960784314	33.24202708369096
186	72.94117647058823	33.29394743826083
187	73.33333333333333	33.35039851860452
188	73.72549019607844	33.411357362882924
189	74.11764705882354	33.476799342874145
190	74.50980392156863	33.54669822179841
191	74.90196078431373	33.62102620432285
192	75.29411764705883	33.69975398094779
193	75.68627450980392	33.782850795165764
194	76.07843137254902	33.870284487212274
195	76.47058823529412	33.96202156510435
196	76.86274509803923	34.05802724995937
197	77.25490196078432	34.15826555338925
198	77.64705882352942	34.26269932691522
199	78.03921568627452	34.37129032690938
200	78.43137254901961	34.483999278600855
201	78.82352941176471	34.600785940129676
202	79.2156862745098	34.72160916676744
203	79.6078431372549	34.84642697250036
204	80.0	34.97519658654537
205	80.3921568627451	35.10787452771056
206	80.7843137254902	35.244416653374536
207	81.17647058823529	35.38477823900376
208	81.56862745098039	35.52891400816348
209	81.96078431372548	35.67677822049165
210	82.35294117647058	35.82832471267303
211	82.74509803921568	35.98350696183132
212	83.13725490196079	36.14227813705789
213	83.52941176470588	36.304591151133664
214	83.92156862745098	36.4703987109619
215	84.31372549019608	36.63965337977913
216	84.70588235294117	36.812307608710825
217	85.09803921568627	36.988313793211745
218	85.49019607843137	37.16762430997919
219	85.88235294117646	37.350191572905125
220	86.27450980392157	37.535968061932834
221	86.66666666666667	37.72490636029081
222	87.05882352941177	37.9169592108382
223	87.45098039215686	38.112079522505816
224	87.84313725490196	38.31022042625044
225	88.23529411764706	38.51133530555524
226	88.62745098039215	38.715377807462
227	89.01960784313725	38.92230189215053
228	89.41176470588236	39.13206184564458
229	89.80392156862746	39.34461231264903
230	90.19607843137256	39.55990831418269
231	90.58823529411765	39.77790527049057
232	90.98039215686275	39.99855901855319
233	91.37254901960785	40.221825833638896
234	91.76470588235294	40.44766244512511
235	92.15686274509804	40.676026047470835
236	92.54901960784314	40.906874324408264
237	92.94117647058823	41.14016544413721
238	93.33333333333333	41.375858088136546
239	93.72549019607843	41.61391145369319
240	94.11764705882352	41.85428525743719
241	94.50980392156862	42.096939749107214
242	94.90196078431372	42.34183572108226
243	95.29411764705881	42.588934503210936
244	95.68627450980392	42.83819797781021
245	96.07843137254902	43.089588581661666
246	96.47058823529412	43.343069295294065
247	96.86274509803921	43.598603671731645
248	97.25490196078431	43.85615580393728
249	97.6470588235294	44.115690360372454
250	98.0392156862745	44.377172555710324
251	98.4313725490196	44.64056816487255
252	98.82352941176471	44.905843518851334
253	99.2156862745098	45.172965498980936
254	99.6078431372549	45.4419015457765
255	100.0	45.712619638072596
